# w*t (2*pi)	rel err in unct (5)	rel err in unct (3)
# hb=m=1	V=0	dx=dt=0.01
0.000000e+00 -9.138665e-09 -9.138665e-09
1.000000e-01 -2.367128e-09 5.938738e-09
2.000000e-01 1.793155e-08 5.112351e-08
3.000000e-01 5.171989e-08 1.263311e-07
4.000000e-01 9.893447e-08 2.314210e-07
5.000000e-01 1.594868e-07 3.661974e-07
6.000000e-01 2.332654e-07 5.304104e-07
7.000000e-01 3.201335e-07 7.237564e-07
8.000000e-01 4.199309e-07 9.458797e-07
9.000000e-01 5.324761e-07 1.196376e-06
1.000000e+00 6.575654e-07 1.474790e-06
1.100000e+00 7.949735e-07 1.780623e-06
1.200000e+00 9.444568e-07 2.113330e-06
1.300000e+00 1.105751e-06 2.472325e-06
1.400000e+00 1.278575e-06 2.856982e-06
1.500000e+00 1.462632e-06 3.266640e-06
1.600000e+00 1.657608e-06 3.700601e-06
1.700000e+00 1.863178e-06 4.158140e-06
1.800000e+00 2.079002e-06 4.638501e-06
1.900000e+00 2.304729e-06 5.140903e-06
2.000000e+00 2.539998e-06 5.664543e-06
2.100000e+00 2.784439e-06 6.208598e-06
2.200000e+00 3.037677e-06 6.772230e-06
2.300000e+00 3.299327e-06 7.354586e-06
2.400000e+00 3.569002e-06 7.954803e-06
2.500000e+00 3.846310e-06 8.572010e-06
2.600000e+00 4.130858e-06 9.205331e-06
2.700000e+00 4.422252e-06 9.853886e-06
2.800000e+00 4.720095e-06 1.051680e-05
2.900000e+00 5.023995e-06 1.119319e-05
3.000000e+00 5.333560e-06 1.188219e-05
3.100000e+00 5.648400e-06 1.258293e-05
3.200000e+00 5.968132e-06 1.329456e-05
3.300000e+00 6.292376e-06 1.401623e-05
3.400000e+00 6.620758e-06 1.474711e-05
3.500000e+00 6.952910e-06 1.548639e-05
3.600000e+00 7.288473e-06 1.623326e-05
3.700000e+00 7.627094e-06 1.698693e-05
3.800000e+00 7.968428e-06 1.774664e-05
3.900000e+00 8.312140e-06 1.851164e-05
4.000000e+00 8.657902e-06 1.928121e-05
4.100000e+00 9.005399e-06 2.005463e-05
4.200000e+00 9.354324e-06 2.083124e-05
4.300000e+00 9.704379e-06 2.161036e-05
4.400000e+00 1.005528e-05 2.239136e-05
4.500000e+00 1.040674e-05 2.317362e-05
4.600000e+00 1.075851e-05 2.395656e-05
4.700000e+00 1.111033e-05 2.473961e-05
4.800000e+00 1.146195e-05 2.552221e-05
4.900000e+00 1.181314e-05 2.630386e-05
5.000000e+00 1.216368e-05 2.708406e-05
5.100000e+00 1.251335e-05 2.786234e-05
5.200000e+00 1.286196e-05 2.863824e-05
5.300000e+00 1.320931e-05 2.941135e-05
5.400000e+00 1.355522e-05 3.018125e-05
5.500000e+00 1.389952e-05 3.094757e-05
5.600000e+00 1.424205e-05 3.170994e-05
5.700000e+00 1.458266e-05 3.246804e-05
5.800000e+00 1.492120e-05 3.322154e-05
5.900000e+00 1.525754e-05 3.397014e-05
6.000000e+00 1.559156e-05 3.471357e-05
6.100000e+00 1.592314e-05 3.545157e-05
6.200000e+00 1.625217e-05 3.618390e-05
6.300000e+00 1.657855e-05 3.691034e-05
6.400000e+00 1.690220e-05 3.763069e-05
6.500000e+00 1.722302e-05 3.834474e-05
6.600000e+00 1.754093e-05 3.905235e-05
6.700000e+00 1.785588e-05 3.975333e-05
6.800000e+00 1.816779e-05 4.044756e-05
6.900000e+00 1.847661e-05 4.113491e-05
7.000000e+00 1.878228e-05 4.181526e-05
7.100000e+00 1.908477e-05 4.248850e-05
7.200000e+00 1.938402e-05 4.315456e-05
7.300000e+00 1.968001e-05 4.381335e-05
7.400000e+00 1.997270e-05 4.446481e-05
7.500000e+00 2.026207e-05 4.510887e-05
7.600000e+00 2.054810e-05 4.574550e-05
7.700000e+00 2.083078e-05 4.637466e-05
7.800000e+00 2.111008e-05 4.699631e-05
7.900000e+00 2.138600e-05 4.761045e-05
8.000000e+00 2.165855e-05 4.821705e-05
8.100000e+00 2.192770e-05 4.881612e-05
8.200000e+00 2.219347e-05 4.940766e-05
8.300000e+00 2.245587e-05 4.999168e-05
8.400000e+00 2.271489e-05 5.056819e-05
8.500000e+00 2.297054e-05 5.113722e-05
8.600000e+00 2.322285e-05 5.169880e-05
8.700000e+00 2.347183e-05 5.225295e-05
8.800000e+00 2.371748e-05 5.279972e-05
8.900000e+00 2.395984e-05 5.333914e-05
9.000000e+00 2.419892e-05 5.387127e-05
9.100000e+00 2.443474e-05 5.439614e-05
9.200000e+00 2.466733e-05 5.491382e-05
9.300000e+00 2.489671e-05 5.542437e-05
9.400000e+00 2.512291e-05 5.592783e-05
9.500000e+00 2.534595e-05 5.642427e-05
9.600000e+00 2.556587e-05 5.691376e-05
9.700000e+00 2.578270e-05 5.739636e-05
9.800000e+00 2.599646e-05 5.787214e-05
9.900000e+00 2.620719e-05 5.834117e-05
1.000000e+01 2.641492e-05 5.880352e-05
1.010000e+01 2.661968e-05 5.925926e-05
1.020000e+01 2.682150e-05 5.970848e-05
1.030000e+01 2.702043e-05 6.015123e-05
1.040000e+01 2.721649e-05 6.058761e-05
1.050000e+01 2.740971e-05 6.101769e-05
1.060000e+01 2.760015e-05 6.144154e-05
1.070000e+01 2.778781e-05 6.185925e-05
1.080000e+01 2.797276e-05 6.227089e-05
1.090000e+01 2.815501e-05 6.267654e-05
1.100000e+01 2.833461e-05 6.307628e-05
1.110000e+01 2.851159e-05 6.347019e-05
1.120000e+01 2.868598e-05 6.385835e-05
1.130000e+01 2.885783e-05 6.424084e-05
1.140000e+01 2.902716e-05 6.461773e-05
1.150000e+01 2.919402e-05 6.498911e-05
1.160000e+01 2.935843e-05 6.535506e-05
1.170000e+01 2.952044e-05 6.571565e-05
1.180000e+01 2.968008e-05 6.607096e-05
1.190000e+01 2.983737e-05 6.642107e-05
1.200000e+01 2.999237e-05 6.676605e-05
1.210000e+01 3.014510e-05 6.710598e-05
1.220000e+01 3.029559e-05 6.744094e-05
1.230000e+01 3.044388e-05 6.777101e-05
1.240000e+01 3.059001e-05 6.809625e-05
1.250000e+01 3.073400e-05 6.841674e-05
1.260000e+01 3.087589e-05 6.873255e-05
1.270000e+01 3.101571e-05 6.904375e-05
1.280000e+01 3.115349e-05 6.935043e-05
1.290000e+01 3.128927e-05 6.965264e-05
1.300000e+01 3.142308e-05 6.995046e-05
1.310000e+01 3.155494e-05 7.024395e-05
1.320000e+01 3.168489e-05 7.053319e-05
1.330000e+01 3.181296e-05 7.081824e-05
1.340000e+01 3.193917e-05 7.109917e-05
1.350000e+01 3.206357e-05 7.137604e-05
1.360000e+01 3.218617e-05 7.164892e-05
1.370000e+01 3.230700e-05 7.191787e-05
1.380000e+01 3.242610e-05 7.218296e-05
1.390000e+01 3.254350e-05 7.244425e-05
1.400000e+01 3.265921e-05 7.270179e-05
1.410000e+01 3.277326e-05 7.295566e-05
1.420000e+01 3.288569e-05 7.320590e-05
1.430000e+01 3.299652e-05 7.345258e-05
1.440000e+01 3.310578e-05 7.369575e-05
1.450000e+01 3.321348e-05 7.393548e-05
1.460000e+01 3.331966e-05 7.417181e-05
1.470000e+01 3.342434e-05 7.440481e-05
1.480000e+01 3.352755e-05 7.463452e-05
1.490000e+01 3.362931e-05 7.486101e-05
1.500000e+01 3.372963e-05 7.508431e-05
1.510000e+01 3.382856e-05 7.530450e-05
1.520000e+01 3.392610e-05 7.552160e-05
1.530000e+01 3.402228e-05 7.573569e-05
1.540000e+01 3.411713e-05 7.594679e-05
1.550000e+01 3.421066e-05 7.615498e-05
1.560000e+01 3.430290e-05 7.636028e-05
1.570000e+01 3.439387e-05 7.656275e-05
1.580000e+01 3.448358e-05 7.676243e-05
1.590000e+01 3.457207e-05 7.695937e-05
1.600000e+01 3.465934e-05 7.715362e-05
1.610000e+01 3.474542e-05 7.734521e-05
1.620000e+01 3.483033e-05 7.753420e-05
1.630000e+01 3.491408e-05 7.772062e-05
1.640000e+01 3.499670e-05 7.790451e-05
1.650000e+01 3.507820e-05 7.808591e-05
1.660000e+01 3.515861e-05 7.826488e-05
1.670000e+01 3.523793e-05 7.844143e-05
1.680000e+01 3.531619e-05 7.861562e-05
1.690000e+01 3.539341e-05 7.878749e-05
1.700000e+01 3.546959e-05 7.895706e-05
1.710000e+01 3.554476e-05 7.912437e-05
1.720000e+01 3.561894e-05 7.928947e-05
1.730000e+01 3.569214e-05 7.945239e-05
1.740000e+01 3.576437e-05 7.961316e-05
1.750000e+01 3.583565e-05 7.977182e-05
1.760000e+01 3.590600e-05 7.992840e-05
1.770000e+01 3.597543e-05 8.008293e-05
1.780000e+01 3.604395e-05 8.023545e-05
1.790000e+01 3.611158e-05 8.038599e-05
1.800000e+01 3.617834e-05 8.053457e-05
1.810000e+01 3.624424e-05 8.068124e-05
1.820000e+01 3.630928e-05 8.082602e-05
1.830000e+01 3.637349e-05 8.096894e-05
1.840000e+01 3.643688e-05 8.111003e-05
1.850000e+01 3.649946e-05 8.124932e-05
1.860000e+01 3.656125e-05 8.138683e-05
1.870000e+01 3.662224e-05 8.152260e-05
1.880000e+01 3.668247e-05 8.165666e-05
1.890000e+01 3.674194e-05 8.178902e-05
1.900000e+01 3.680066e-05 8.191972e-05
1.910000e+01 3.685864e-05 8.204877e-05
1.920000e+01 3.691590e-05 8.217622e-05
1.930000e+01 3.697245e-05 8.230207e-05
1.940000e+01 3.702829e-05 8.242637e-05
1.950000e+01 3.708344e-05 8.254912e-05
1.960000e+01 3.713791e-05 8.267035e-05
1.970000e+01 3.719170e-05 8.279010e-05
1.980000e+01 3.724484e-05 8.290837e-05
1.990000e+01 3.729733e-05 8.302519e-05
2.000000e+01 3.734918e-05 8.314059e-05
2.010000e+01 3.740039e-05 8.325459e-05
2.020000e+01 3.745099e-05 8.336720e-05
2.030000e+01 3.750097e-05 8.347845e-05
2.040000e+01 3.755035e-05 8.358836e-05
2.050000e+01 3.759914e-05 8.369695e-05
2.060000e+01 3.764734e-05 8.380423e-05
2.070000e+01 3.769496e-05 8.391024e-05
2.080000e+01 3.774202e-05 8.401498e-05
2.090000e+01 3.778852e-05 8.411848e-05
2.100000e+01 3.783447e-05 8.422075e-05
2.110000e+01 3.787988e-05 8.432182e-05
2.120000e+01 3.792475e-05 8.442170e-05
2.130000e+01 3.796910e-05 8.452040e-05
2.140000e+01 3.801293e-05 8.461796e-05
2.150000e+01 3.805624e-05 8.471437e-05
2.160000e+01 3.809906e-05 8.480966e-05
2.170000e+01 3.814138e-05 8.490385e-05
2.180000e+01 3.818320e-05 8.499696e-05
2.190000e+01 3.822455e-05 8.508898e-05
2.200000e+01 3.826542e-05 8.517996e-05
2.210000e+01 3.830583e-05 8.526989e-05
2.220000e+01 3.834577e-05 8.535879e-05
2.230000e+01 3.838526e-05 8.544669e-05
2.240000e+01 3.842430e-05 8.553358e-05
2.250000e+01 3.846290e-05 8.561950e-05
2.260000e+01 3.850107e-05 8.570444e-05
2.270000e+01 3.853880e-05 8.578843e-05
2.280000e+01 3.857611e-05 8.587148e-05
2.290000e+01 3.861301e-05 8.595361e-05
2.300000e+01 3.864949e-05 8.603481e-05
2.310000e+01 3.868557e-05 8.611512e-05
2.320000e+01 3.872125e-05 8.619453e-05
2.330000e+01 3.875654e-05 8.627307e-05
2.340000e+01 3.879144e-05 8.635075e-05
2.350000e+01 3.882595e-05 8.642757e-05
2.360000e+01 3.886009e-05 8.650356e-05
2.370000e+01 3.889386e-05 8.657871e-05
2.380000e+01 3.892725e-05 8.665305e-05
2.390000e+01 3.896029e-05 8.672658e-05
2.400000e+01 3.899297e-05 8.679932e-05
2.410000e+01 3.902530e-05 8.687127e-05
2.420000e+01 3.905728e-05 8.694245e-05
2.430000e+01 3.908891e-05 8.701287e-05
2.440000e+01 3.912021e-05 8.708253e-05
2.450000e+01 3.915118e-05 8.715146e-05
2.460000e+01 3.918182e-05 8.721965e-05
2.470000e+01 3.921213e-05 8.728712e-05
2.480000e+01 3.924212e-05 8.735388e-05
2.490000e+01 3.927180e-05 8.741993e-05
2.500000e+01 3.930117e-05 8.748530e-05
2.510000e+01 3.933023e-05 8.754998e-05
2.520000e+01 3.935898e-05 8.761398e-05
2.530000e+01 3.938744e-05 8.767732e-05
2.540000e+01 3.941560e-05 8.774001e-05
2.550000e+01 3.944347e-05 8.780204e-05
2.560000e+01 3.947106e-05 8.786344e-05
2.570000e+01 3.949836e-05 8.792420e-05
2.580000e+01 3.952538e-05 8.798435e-05
2.590000e+01 3.955212e-05 8.804388e-05
2.600000e+01 3.957860e-05 8.810280e-05
2.610000e+01 3.960480e-05 8.816112e-05
2.620000e+01 3.963074e-05 8.821885e-05
2.630000e+01 3.965642e-05 8.827601e-05
2.640000e+01 3.968183e-05 8.833258e-05
2.650000e+01 3.970700e-05 8.838859e-05
2.660000e+01 3.973191e-05 8.844403e-05
2.670000e+01 3.975657e-05 8.849893e-05
2.680000e+01 3.978099e-05 8.855327e-05
2.690000e+01 3.980516e-05 8.860708e-05
2.700000e+01 3.982910e-05 8.866036e-05
2.710000e+01 3.985280e-05 8.871310e-05
2.720000e+01 3.987626e-05 8.876534e-05
2.730000e+01 3.989950e-05 8.881705e-05
2.740000e+01 3.992251e-05 8.886827e-05
2.750000e+01 3.994529e-05 8.891898e-05
2.760000e+01 3.996785e-05 8.896920e-05
2.770000e+01 3.999020e-05 8.901893e-05
2.780000e+01 4.001233e-05 8.906818e-05
2.790000e+01 4.003424e-05 8.911696e-05
2.800000e+01 4.005594e-05 8.916527e-05
2.810000e+01 4.007744e-05 8.921311e-05
2.820000e+01 4.009873e-05 8.926050e-05
2.830000e+01 4.011982e-05 8.930743e-05
2.840000e+01 4.014070e-05 8.935392e-05
2.850000e+01 4.016139e-05 8.939997e-05
2.860000e+01 4.018189e-05 8.944558e-05
2.870000e+01 4.020219e-05 8.949076e-05
2.880000e+01 4.022229e-05 8.953552e-05
2.890000e+01 4.024222e-05 8.957986e-05
2.900000e+01 4.026195e-05 8.962378e-05
2.910000e+01 4.028150e-05 8.966730e-05
2.920000e+01 4.030087e-05 8.971041e-05
2.930000e+01 4.032006e-05 8.975312e-05
2.940000e+01 4.033907e-05 8.979543e-05
2.950000e+01 4.035791e-05 8.983735e-05
2.960000e+01 4.037657e-05 8.987889e-05
2.970000e+01 4.039506e-05 8.992005e-05
2.980000e+01 4.041338e-05 8.996083e-05
2.990000e+01 4.043154e-05 9.000124e-05
3.000000e+01 4.044953e-05 9.004128e-05
3.010000e+01 4.046736e-05 9.008096e-05
3.020000e+01 4.048502e-05 9.012028e-05
3.030000e+01 4.050253e-05 9.015925e-05
3.040000e+01 4.051988e-05 9.019786e-05
3.050000e+01 4.053707e-05 9.023613e-05
3.060000e+01 4.055412e-05 9.027406e-05
3.070000e+01 4.057100e-05 9.031164e-05
3.080000e+01 4.058774e-05 9.034890e-05
3.090000e+01 4.060433e-05 9.038582e-05
3.100000e+01 4.062077e-05 9.042241e-05
3.110000e+01 4.063707e-05 9.045869e-05
3.120000e+01 4.065323e-05 9.049464e-05
3.130000e+01 4.066924e-05 9.053028e-05
3.140000e+01 4.068511e-05 9.056560e-05
3.150000e+01 4.070085e-05 9.060062e-05
3.160000e+01 4.071644e-05 9.063533e-05
3.170000e+01 4.073190e-05 9.066974e-05
3.180000e+01 4.074723e-05 9.070385e-05
3.190000e+01 4.076243e-05 9.073767e-05
3.200000e+01 4.077749e-05 9.077119e-05
3.210000e+01 4.079243e-05 9.080443e-05
3.220000e+01 4.080724e-05 9.083738e-05
3.230000e+01 4.082192e-05 9.087005e-05
3.240000e+01 4.083647e-05 9.090245e-05
3.250000e+01 4.085090e-05 9.093456e-05
3.260000e+01 4.086521e-05 9.096641e-05
3.270000e+01 4.087940e-05 9.099798e-05
3.280000e+01 4.089347e-05 9.102929e-05
3.290000e+01 4.090743e-05 9.106034e-05
3.300000e+01 4.092126e-05 9.109112e-05
3.310000e+01 4.093498e-05 9.112165e-05
3.320000e+01 4.094858e-05 9.115192e-05
3.330000e+01 4.096208e-05 9.118194e-05
3.340000e+01 4.097546e-05 9.121171e-05
3.350000e+01 4.098872e-05 9.124124e-05
3.360000e+01 4.100188e-05 9.127052e-05
3.370000e+01 4.101494e-05 9.129956e-05
3.380000e+01 4.102788e-05 9.132836e-05
3.390000e+01 4.104072e-05 9.135692e-05
3.400000e+01 4.105345e-05 9.138525e-05
3.410000e+01 4.106609e-05 9.141335e-05
3.420000e+01 4.107861e-05 9.144122e-05
3.430000e+01 4.109104e-05 9.146887e-05
3.440000e+01 4.110337e-05 9.149629e-05
3.450000e+01 4.111559e-05 9.152349e-05
3.460000e+01 4.112772e-05 9.155047e-05
3.470000e+01 4.113976e-05 9.157724e-05
3.480000e+01 4.115169e-05 9.160379e-05
3.490000e+01 4.116354e-05 9.163013e-05
3.500000e+01 4.117528e-05 9.165626e-05
3.510000e+01 4.118694e-05 9.168218e-05
3.520000e+01 4.119850e-05 9.170789e-05
3.530000e+01 4.120997e-05 9.173341e-05
3.540000e+01 4.122136e-05 9.175872e-05
3.550000e+01 4.123265e-05 9.178383e-05
3.560000e+01 4.124386e-05 9.180875e-05
3.570000e+01 4.125497e-05 9.183347e-05
3.580000e+01 4.126601e-05 9.185800e-05
3.590000e+01 4.127695e-05 9.188233e-05
3.600000e+01 4.128781e-05 9.190648e-05
3.610000e+01 4.129859e-05 9.193045e-05
3.620000e+01 4.130929e-05 9.195422e-05
3.630000e+01 4.131990e-05 9.197782e-05
3.640000e+01 4.133044e-05 9.200123e-05
3.650000e+01 4.134089e-05 9.202446e-05
3.660000e+01 4.135127e-05 9.204752e-05
3.670000e+01 4.136156e-05 9.207040e-05
3.680000e+01 4.137178e-05 9.209311e-05
3.690000e+01 4.138192e-05 9.211564e-05
3.700000e+01 4.139199e-05 9.213801e-05
3.710000e+01 4.140198e-05 9.216021e-05
3.720000e+01 4.141190e-05 9.218224e-05
3.730000e+01 4.142174e-05 9.220410e-05
3.740000e+01 4.143151e-05 9.222580e-05
3.750000e+01 4.144121e-05 9.224734e-05
3.760000e+01 4.145084e-05 9.226872e-05
3.770000e+01 4.146040e-05 9.228994e-05
3.780000e+01 4.146989e-05 9.231101e-05
3.790000e+01 4.147930e-05 9.233192e-05
3.800000e+01 4.148865e-05 9.235267e-05
3.810000e+01 4.149794e-05 9.237327e-05
3.820000e+01 4.150715e-05 9.239373e-05
3.830000e+01 4.151630e-05 9.241403e-05
3.840000e+01 4.152539e-05 9.243419e-05
3.850000e+01 4.153441e-05 9.245420e-05
3.860000e+01 4.154336e-05 9.247406e-05
3.870000e+01 4.155226e-05 9.249378e-05
3.880000e+01 4.156109e-05 9.251336e-05
3.890000e+01 4.156985e-05 9.253280e-05
3.900000e+01 4.157856e-05 9.255210e-05
3.910000e+01 4.158720e-05 9.257127e-05
3.920000e+01 4.159579e-05 9.259029e-05
3.930000e+01 4.160432e-05 9.260918e-05
3.940000e+01 4.161278e-05 9.262794e-05
3.950000e+01 4.162119e-05 9.264657e-05
3.960000e+01 4.162954e-05 9.266507e-05
3.970000e+01 4.163784e-05 9.268343e-05
3.980000e+01 4.164608e-05 9.270167e-05
3.990000e+01 4.165426e-05 9.271978e-05
4.000000e+01 4.166238e-05 9.273776e-05
4.010000e+01 4.167046e-05 9.275563e-05
4.020000e+01 4.167847e-05 9.277336e-05
4.030000e+01 4.168644e-05 9.279098e-05
4.040000e+01 4.169435e-05 9.280847e-05
4.050000e+01 4.170221e-05 9.282585e-05
4.060000e+01 4.171002e-05 9.284310e-05
4.070000e+01 4.171778e-05 9.286024e-05
4.080000e+01 4.172548e-05 9.287727e-05
4.090000e+01 4.173314e-05 9.289417e-05
4.100000e+01 4.174074e-05 9.291097e-05
4.110000e+01 4.174830e-05 9.292765e-05
4.120000e+01 4.175581e-05 9.294422e-05
4.130000e+01 4.176327e-05 9.296068e-05
4.140000e+01 4.177069e-05 9.297703e-05
4.150000e+01 4.177805e-05 9.299327e-05
4.160000e+01 4.178537e-05 9.300940e-05
4.170000e+01 4.179265e-05 9.302543e-05
4.180000e+01 4.179988e-05 9.304136e-05
4.190000e+01 4.180706e-05 9.305718e-05
4.200000e+01 4.181420e-05 9.307289e-05
4.210000e+01 4.182130e-05 9.308851e-05
4.220000e+01 4.182835e-05 9.310402e-05
4.230000e+01 4.183536e-05 9.311943e-05
4.240000e+01 4.184233e-05 9.313475e-05
4.250000e+01 4.184926e-05 9.314996e-05
4.260000e+01 4.185614e-05 9.316508e-05
4.270000e+01 4.186299e-05 9.318010e-05
4.280000e+01 4.186979e-05 9.319503e-05
4.290000e+01 4.187655e-05 9.320986e-05
4.300000e+01 4.188328e-05 9.322460e-05
4.310000e+01 4.188996e-05 9.323925e-05
4.320000e+01 4.189661e-05 9.325381e-05
4.330000e+01 4.190322e-05 9.326828e-05
4.340000e+01 4.190979e-05 9.328265e-05
4.350000e+01 4.191632e-05 9.329694e-05
4.360000e+01 4.192282e-05 9.331114e-05
4.370000e+01 4.192928e-05 9.332525e-05
4.380000e+01 4.193570e-05 9.333928e-05
4.390000e+01 4.194209e-05 9.335322e-05
4.400000e+01 4.194844e-05 9.336708e-05
4.410000e+01 4.195476e-05 9.338085e-05
4.420000e+01 4.196104e-05 9.339455e-05
4.430000e+01 4.196730e-05 9.340816e-05
4.440000e+01 4.197351e-05 9.342168e-05
4.450000e+01 4.197970e-05 9.343513e-05
4.460000e+01 4.198585e-05 9.344850e-05
4.470000e+01 4.199197e-05 9.346179e-05
4.480000e+01 4.199806e-05 9.347501e-05
4.490000e+01 4.200411e-05 9.348814e-05
4.500000e+01 4.201014e-05 9.350120e-05
4.510000e+01 4.201614e-05 9.351419e-05
4.520000e+01 4.202210e-05 9.352710e-05
4.530000e+01 4.202804e-05 9.353994e-05
4.540000e+01 4.203394e-05 9.355270e-05
4.550000e+01 4.203982e-05 9.356539e-05
4.560000e+01 4.204567e-05 9.357801e-05
4.570000e+01 4.205149e-05 9.359056e-05
4.580000e+01 4.205728e-05 9.360304e-05
4.590000e+01 4.206305e-05 9.361545e-05
4.600000e+01 4.206879e-05 9.362779e-05
4.610000e+01 4.207450e-05 9.364006e-05
4.620000e+01 4.208019e-05 9.365227e-05
4.630000e+01 4.208585e-05 9.366441e-05
4.640000e+01 4.209148e-05 9.367649e-05
4.650000e+01 4.209709e-05 9.368850e-05
4.660000e+01 4.210268e-05 9.370044e-05
4.670000e+01 4.210824e-05 9.371232e-05
4.680000e+01 4.211378e-05 9.372414e-05
4.690000e+01 4.211929e-05 9.373590e-05
4.700000e+01 4.212478e-05 9.374759e-05
4.710000e+01 4.213025e-05 9.375923e-05
4.720000e+01 4.213569e-05 9.377080e-05
4.730000e+01 4.214111e-05 9.378231e-05
4.740000e+01 4.214651e-05 9.379377e-05
4.750000e+01 4.215189e-05 9.380517e-05
4.760000e+01 4.215725e-05 9.381651e-05
4.770000e+01 4.216259e-05 9.382779e-05
4.780000e+01 4.216791e-05 9.383901e-05
4.790000e+01 4.217320e-05 9.385019e-05
4.800000e+01 4.217848e-05 9.386130e-05
4.810000e+01 4.218374e-05 9.387236e-05
4.820000e+01 4.218898e-05 9.388337e-05
4.830000e+01 4.219420e-05 9.389432e-05
4.840000e+01 4.219940e-05 9.390522e-05
4.850000e+01 4.220458e-05 9.391607e-05
4.860000e+01 4.220975e-05 9.392687e-05
4.870000e+01 4.221490e-05 9.393762e-05
4.880000e+01 4.222003e-05 9.394832e-05
4.890000e+01 4.222514e-05 9.395896e-05
4.900000e+01 4.223024e-05 9.396956e-05
4.910000e+01 4.223532e-05 9.398011e-05
4.920000e+01 4.224039e-05 9.399061e-05
4.930000e+01 4.224544e-05 9.400107e-05
4.940000e+01 4.225048e-05 9.401148e-05
4.950000e+01 4.225550e-05 9.402184e-05
4.960000e+01 4.226051e-05 9.403215e-05
4.970000e+01 4.226550e-05 9.404243e-05
4.980000e+01 4.227048e-05 9.405265e-05
4.990000e+01 4.227545e-05 9.406284e-05
5.000000e+01 4.228040e-05 9.407297e-05
5.010000e+01 4.228534e-05 9.408307e-05
