# w*t (2*pi)	rel err in unct (5)	rel err in unct (3)
# hb=m=1	V=1/2mw^2x^2	 sig = 2	w=0.1	dx=dt=0.01
0.000000e+00 -1.342926e-12 -1.342926e-12
1.000000e-02 -8.987282e-10 1.721398e-09
2.000000e-02 -3.587531e-09 6.900676e-09
3.000000e-02 -8.058602e-09 1.556881e-08
4.000000e-02 -1.429656e-08 2.777983e-08
5.000000e-02 -2.227991e-08 4.360916e-08
6.000000e-02 -3.198110e-08 6.315360e-08
7.000000e-02 -4.336674e-08 8.653104e-08
8.000000e-02 -5.639757e-08 1.138803e-07
9.000000e-02 -7.102855e-08 1.453607e-07
1.000000e-01 -8.720914e-08 1.811522e-07
1.100000e-01 -1.048833e-07 2.214543e-07
1.200000e-01 -1.239899e-07 2.664866e-07
1.300000e-01 -1.444625e-07 3.164875e-07
1.400000e-01 -1.662301e-07 3.717143e-07
1.500000e-01 -1.892169e-07 4.324426e-07
1.600000e-01 -2.133425e-07 4.989657e-07
1.700000e-01 -2.385227e-07 5.715941e-07
1.800000e-01 -2.646691e-07 6.506548e-07
1.900000e-01 -2.916897e-07 7.364910e-07
2.000000e-01 -3.194892e-07 8.294612e-07
2.100000e-01 -3.479691e-07 9.299386e-07
2.200000e-01 -3.770280e-07 1.038310e-06
2.300000e-01 -4.065620e-07 1.154977e-06
2.400000e-01 -4.364651e-07 1.280352e-06
2.500000e-01 -4.666291e-07 1.414861e-06
2.600000e-01 -4.969445e-07 1.558938e-06
2.700000e-01 -5.273000e-07 1.713032e-06
2.800000e-01 -5.575837e-07 1.877597e-06
2.900000e-01 -5.876826e-07 2.053099e-06
3.000000e-01 -6.174837e-07 2.240009e-06
3.100000e-01 -6.468734e-07 2.438808e-06
3.200000e-01 -6.757386e-07 2.649980e-06
3.300000e-01 -7.039667e-07 2.874018e-06
3.400000e-01 -7.314457e-07 3.111415e-06
3.500000e-01 -7.580646e-07 3.362672e-06
3.600000e-01 -7.837141e-07 3.628290e-06
3.700000e-01 -8.082861e-07 3.908772e-06
3.800000e-01 -8.316746e-07 4.204622e-06
3.900000e-01 -8.537759e-07 4.516344e-06
4.000000e-01 -8.744884e-07 4.844442e-06
4.100000e-01 -8.937133e-07 5.189417e-06
4.200000e-01 -9.113548e-07 5.551768e-06
4.300000e-01 -9.273200e-07 5.931988e-06
4.400000e-01 -9.415197e-07 6.330569e-06
4.500000e-01 -9.538682e-07 6.747995e-06
4.600000e-01 -9.642829e-07 7.184743e-06
4.700000e-01 -9.726862e-07 7.641285e-06
4.800000e-01 -9.790038e-07 8.118082e-06
4.900000e-01 -9.831663e-07 8.615587e-06
5.000000e-01 -9.851084e-07 9.134244e-06
5.100000e-01 -9.847697e-07 9.674483e-06
5.200000e-01 -9.820945e-07 1.023672e-05
5.300000e-01 -9.770321e-07 1.082137e-05
5.400000e-01 -9.695367e-07 1.142882e-05
5.500000e-01 -9.595678e-07 1.205944e-05
5.600000e-01 -9.470901e-07 1.271360e-05
5.700000e-01 -9.320737e-07 1.339164e-05
5.800000e-01 -9.144942e-07 1.409389e-05
5.900000e-01 -8.943325e-07 1.482066e-05
6.000000e-01 -8.715755e-07 1.557222e-05
6.100000e-01 -8.462154e-07 1.634886e-05
6.200000e-01 -8.182504e-07 1.715081e-05
6.300000e-01 -7.876842e-07 1.797830e-05
6.400000e-01 -7.545265e-07 1.883153e-05
6.500000e-01 -7.187926e-07 1.971067e-05
6.600000e-01 -6.805038e-07 2.061587e-05
6.700000e-01 -6.396872e-07 2.154725e-05
6.800000e-01 -5.963754e-07 2.250491e-05
6.900000e-01 -5.506074e-07 2.348891e-05
7.000000e-01 -5.024274e-07 2.449930e-05
7.100000e-01 -4.518857e-07 2.553608e-05
7.200000e-01 -3.990384e-07 2.659923e-05
7.300000e-01 -3.439470e-07 2.768869e-05
7.400000e-01 -2.866788e-07 2.880437e-05
7.500000e-01 -2.273065e-07 2.994616e-05
7.600000e-01 -1.659086e-07 3.111390e-05
7.700000e-01 -1.025686e-07 3.230740e-05
7.800000e-01 -3.737579e-08 3.352643e-05
7.900000e-01 2.957572e-08 3.477073e-05
8.000000e-01 9.818649e-08 3.603999e-05
8.100000e-01 1.683521e-07 3.733387e-05
8.200000e-01 2.399631e-07 3.865201e-05
8.300000e-01 3.129056e-07 3.999397e-05
8.400000e-01 3.870608e-07 4.135931e-05
8.500000e-01 4.623055e-07 4.274751e-05
8.600000e-01 5.385122e-07 4.415805e-05
8.700000e-01 6.155493e-07 4.559033e-05
8.800000e-01 6.932811e-07 4.704374e-05
8.900000e-01 7.715684e-07 4.851760e-05
9.000000e-01 8.502679e-07 5.001121e-05
9.100000e-01 9.292331e-07 5.152381e-05
9.200000e-01 1.008314e-06 5.305461e-05
9.300000e-01 1.087359e-06 5.460276e-05
9.400000e-01 1.166213e-06 5.616738e-05
9.500000e-01 1.244716e-06 5.774754e-05
9.600000e-01 1.322710e-06 5.934227e-05
9.700000e-01 1.400033e-06 6.095056e-05
9.800000e-01 1.476520e-06 6.257136e-05
9.900000e-01 1.552006e-06 6.420355e-05
1.000000e+00 1.626326e-06 6.584600e-05
1.010000e+00 1.699312e-06 6.749753e-05
1.020000e+00 1.770796e-06 6.915691e-05
1.030000e+00 1.840610e-06 7.082288e-05
1.040000e+00 1.908587e-06 7.249414e-05
1.050000e+00 1.974560e-06 7.416934e-05
1.060000e+00 2.038361e-06 7.584710e-05
1.070000e+00 2.099825e-06 7.752602e-05
1.080000e+00 2.158789e-06 7.920464e-05
1.090000e+00 2.215091e-06 8.088149e-05
1.100000e+00 2.268569e-06 8.255505e-05
1.110000e+00 2.319068e-06 8.422378e-05
1.120000e+00 2.366432e-06 8.588611e-05
1.130000e+00 2.410512e-06 8.754045e-05
1.140000e+00 2.451158e-06 8.918519e-05
1.150000e+00 2.488230e-06 9.081867e-05
1.160000e+00 2.521587e-06 9.243924e-05
1.170000e+00 2.551096e-06 9.404524e-05
1.180000e+00 2.576628e-06 9.563496e-05
1.190000e+00 2.598061e-06 9.720672e-05
1.200000e+00 2.615279e-06 9.875880e-05
1.210000e+00 2.628170e-06 1.002895e-04
1.220000e+00 2.636631e-06 1.017971e-04
1.230000e+00 2.640566e-06 1.032799e-04
1.240000e+00 2.639885e-06 1.047361e-04
1.250000e+00 2.634509e-06 1.061642e-04
1.260000e+00 2.624363e-06 1.075623e-04
1.270000e+00 2.609384e-06 1.089288e-04
1.280000e+00 2.589517e-06 1.102620e-04
1.290000e+00 2.564714e-06 1.115604e-04
1.300000e+00 2.534939e-06 1.128223e-04
1.310000e+00 2.500165e-06 1.140460e-04
1.320000e+00 2.460373e-06 1.152301e-04
1.330000e+00 2.415558e-06 1.163731e-04
1.340000e+00 2.365721e-06 1.174734e-04
1.350000e+00 2.310877e-06 1.185296e-04
1.360000e+00 2.251050e-06 1.195404e-04
1.370000e+00 2.186274e-06 1.205043e-04
1.380000e+00 2.116595e-06 1.214202e-04
1.390000e+00 2.042071e-06 1.222867e-04
1.400000e+00 1.962769e-06 1.231027e-04
1.410000e+00 1.878767e-06 1.238671e-04
1.420000e+00 1.790156e-06 1.245788e-04
1.430000e+00 1.697036e-06 1.252370e-04
1.440000e+00 1.599519e-06 1.258405e-04
1.450000e+00 1.497727e-06 1.263887e-04
1.460000e+00 1.391793e-06 1.268808e-04
1.470000e+00 1.281861e-06 1.273161e-04
1.480000e+00 1.168084e-06 1.276940e-04
1.490000e+00 1.050626e-06 1.280139e-04
1.500000e+00 9.296607e-07 1.282756e-04
1.510000e+00 8.053709e-07 1.284785e-04
1.520000e+00 6.779488e-07 1.286225e-04
1.530000e+00 5.475954e-07 1.287074e-04
1.540000e+00 4.145202e-07 1.287330e-04
1.550000e+00 2.789407e-07 1.286995e-04
1.560000e+00 1.410821e-07 1.286068e-04
1.570000e+00 1.176506e-09 1.284552e-04
1.580000e+00 -1.405369e-07 1.282450e-04
1.590000e+00 -2.838131e-07 1.279764e-04
1.600000e+00 -4.284011e-07 1.276500e-04
1.610000e+00 -5.740449e-07 1.272663e-04
1.620000e+00 -7.204838e-07 1.268258e-04
1.630000e+00 -8.674530e-07 1.263293e-04
1.640000e+00 -1.014684e-06 1.257776e-04
1.650000e+00 -1.161907e-06 1.251715e-04
1.660000e+00 -1.308847e-06 1.245119e-04
1.670000e+00 -1.455230e-06 1.237999e-04
1.680000e+00 -1.600779e-06 1.230365e-04
1.690000e+00 -1.745217e-06 1.222229e-04
1.700000e+00 -1.888268e-06 1.213604e-04
1.710000e+00 -2.029657e-06 1.204501e-04
1.720000e+00 -2.169107e-06 1.194935e-04
1.730000e+00 -2.306347e-06 1.184919e-04
1.740000e+00 -2.441105e-06 1.174468e-04
1.750000e+00 -2.573116e-06 1.163598e-04
1.760000e+00 -2.702115e-06 1.152323e-04
1.770000e+00 -2.827843e-06 1.140659e-04
1.780000e+00 -2.950045e-06 1.128624e-04
1.790000e+00 -3.068472e-06 1.116233e-04
1.800000e+00 -3.182879e-06 1.103503e-04
1.810000e+00 -3.293030e-06 1.090453e-04
1.820000e+00 -3.398694e-06 1.077098e-04
1.830000e+00 -3.499648e-06 1.063459e-04
1.840000e+00 -3.595675e-06 1.049551e-04
1.850000e+00 -3.686567e-06 1.035393e-04
1.860000e+00 -3.772125e-06 1.021003e-04
1.870000e+00 -3.852159e-06 1.006400e-04
1.880000e+00 -3.926487e-06 9.916011e-05
1.890000e+00 -3.994937e-06 9.766248e-05
1.900000e+00 -4.057347e-06 9.614891e-05
1.910000e+00 -4.113564e-06 9.462119e-05
1.920000e+00 -4.163447e-06 9.308112e-05
1.930000e+00 -4.206865e-06 9.153045e-05
1.940000e+00 -4.243696e-06 8.997093e-05
1.950000e+00 -4.273832e-06 8.840429e-05
1.960000e+00 -4.297173e-06 8.683223e-05
1.970000e+00 -4.313633e-06 8.525640e-05
1.980000e+00 -4.323136e-06 8.367847e-05
1.990000e+00 -4.325616e-06 8.210002e-05
2.000000e+00 -4.321023e-06 8.052264e-05
2.010000e+00 -4.309313e-06 7.894785e-05
2.020000e+00 -4.290458e-06 7.737715e-05
2.030000e+00 -4.264440e-06 7.581200e-05
2.040000e+00 -4.231252e-06 7.425379e-05
2.050000e+00 -4.190900e-06 7.270389e-05
2.060000e+00 -4.143401e-06 7.116362e-05
2.070000e+00 -4.088784e-06 6.963425e-05
2.080000e+00 -4.027089e-06 6.811700e-05
2.090000e+00 -3.958367e-06 6.661303e-05
2.100000e+00 -3.882682e-06 6.512347e-05
2.110000e+00 -3.800107e-06 6.364938e-05
2.120000e+00 -3.710729e-06 6.219178e-05
2.130000e+00 -3.614643e-06 6.075163e-05
2.140000e+00 -3.511957e-06 5.932983e-05
2.150000e+00 -3.402790e-06 5.792724e-05
2.160000e+00 -3.287268e-06 5.654466e-05
2.170000e+00 -3.165533e-06 5.518283e-05
2.180000e+00 -3.037731e-06 5.384246e-05
2.190000e+00 -2.904024e-06 5.252416e-05
2.200000e+00 -2.764579e-06 5.122854e-05
2.210000e+00 -2.619576e-06 4.995613e-05
2.220000e+00 -2.469203e-06 4.870739e-05
2.230000e+00 -2.313656e-06 4.748276e-05
2.240000e+00 -2.153142e-06 4.628261e-05
2.250000e+00 -1.987876e-06 4.510726e-05
2.260000e+00 -1.818080e-06 4.395700e-05
2.270000e+00 -1.643987e-06 4.283203e-05
2.280000e+00 -1.465836e-06 4.173254e-05
2.290000e+00 -1.283875e-06 4.065865e-05
2.300000e+00 -1.098356e-06 3.961045e-05
2.310000e+00 -9.095437e-07 3.858796e-05
2.320000e+00 -7.177048e-07 3.759117e-05
2.330000e+00 -5.231149e-07 3.662003e-05
2.340000e+00 -3.260552e-07 3.567445e-05
2.350000e+00 -1.268129e-07 3.475429e-05
2.360000e+00 7.431903e-08 3.385936e-05
2.370000e+00 2.770425e-07 3.298945e-05
2.380000e+00 4.810546e-07 3.214431e-05
2.390000e+00 6.860476e-07 3.132364e-05
2.400000e+00 8.917097e-07 3.052712e-05
2.410000e+00 1.097725e-06 2.975439e-05
2.420000e+00 1.303774e-06 2.900506e-05
2.430000e+00 1.509535e-06 2.827871e-05
2.440000e+00 1.714683e-06 2.757489e-05
2.450000e+00 1.918890e-06 2.689312e-05
2.460000e+00 2.121826e-06 2.623289e-05
2.470000e+00 2.323162e-06 2.559369e-05
2.480000e+00 2.522565e-06 2.497495e-05
2.490000e+00 2.719702e-06 2.437610e-05
2.500000e+00 2.914241e-06 2.379656e-05
2.510000e+00 3.105850e-06 2.323570e-05
2.520000e+00 3.294197e-06 2.269290e-05
2.530000e+00 3.478952e-06 2.216751e-05
2.540000e+00 3.659787e-06 2.165889e-05
2.550000e+00 3.836374e-06 2.116635e-05
2.560000e+00 4.008392e-06 2.068922e-05
2.570000e+00 4.175519e-06 2.022681e-05
2.580000e+00 4.337440e-06 1.977842e-05
2.590000e+00 4.493842e-06 1.934335e-05
2.600000e+00 4.644420e-06 1.892089e-05
2.610000e+00 4.788871e-06 1.851033e-05
2.620000e+00 4.926900e-06 1.811097e-05
2.630000e+00 5.058220e-06 1.772208e-05
2.640000e+00 5.182549e-06 1.734297e-05
2.650000e+00 5.299613e-06 1.697292e-05
2.660000e+00 5.409148e-06 1.661124e-05
2.670000e+00 5.510897e-06 1.625724e-05
2.680000e+00 5.604615e-06 1.591022e-05
2.690000e+00 5.690065e-06 1.556952e-05
2.700000e+00 5.767022e-06 1.523448e-05
2.710000e+00 5.835272e-06 1.490443e-05
2.720000e+00 5.894613e-06 1.457874e-05
2.730000e+00 5.944856e-06 1.425680e-05
2.740000e+00 5.985824e-06 1.393799e-05
2.750000e+00 6.017355e-06 1.362173e-05
2.760000e+00 6.039300e-06 1.330745e-05
2.770000e+00 6.051526e-06 1.299462e-05
2.780000e+00 6.053914e-06 1.268269e-05
2.790000e+00 6.046361e-06 1.237117e-05
2.800000e+00 6.028781e-06 1.205960e-05
2.810000e+00 6.001103e-06 1.174751e-05
2.820000e+00 5.963274e-06 1.143448e-05
2.830000e+00 5.915260e-06 1.112012e-05
2.840000e+00 5.857042e-06 1.080405e-05
2.850000e+00 5.788620e-06 1.048596e-05
2.860000e+00 5.710014e-06 1.016552e-05
2.870000e+00 5.621261e-06 9.842457e-06
2.880000e+00 5.522417e-06 9.516537e-06
2.890000e+00 5.413558e-06 9.187545e-06
2.900000e+00 5.294778e-06 8.855305e-06
2.910000e+00 5.166191e-06 8.519674e-06
2.920000e+00 5.027932e-06 8.180543e-06
2.930000e+00 4.880152e-06 7.837839e-06
2.940000e+00 4.723024e-06 7.491522e-06
2.950000e+00 4.556738e-06 7.141590e-06
2.960000e+00 4.381506e-06 6.788073e-06
2.970000e+00 4.197557e-06 6.431041e-06
2.980000e+00 4.005139e-06 6.070594e-06
2.990000e+00 3.804518e-06 5.706873e-06
3.000000e+00 3.595979e-06 5.340049e-06
3.010000e+00 3.379823e-06 4.970332e-06
3.020000e+00 3.156371e-06 4.597963e-06
3.030000e+00 2.925957e-06 4.223220e-06
3.040000e+00 2.688935e-06 3.846414e-06
3.050000e+00 2.445671e-06 3.467887e-06
3.060000e+00 2.196548e-06 3.088015e-06
3.070000e+00 1.941964e-06 2.707206e-06
3.080000e+00 1.682327e-06 2.325897e-06
3.090000e+00 1.418062e-06 1.944557e-06
3.100000e+00 1.149604e-06 1.563682e-06
3.110000e+00 8.773971e-07 1.183796e-06
3.120000e+00 6.018987e-07 8.054512e-07
3.130000e+00 3.235739e-07 4.292244e-07
3.140000e+00 4.289640e-08 5.571681e-08
3.150000e+00 -2.396528e-07 -3.144471e-07
3.160000e+00 -5.235864e-07 -6.806209e-07
3.170000e+00 -8.084117e-07 -1.042138e-06
3.180000e+00 -1.093632e-06 -1.398312e-06
3.190000e+00 -1.378746e-06 -1.748439e-06
3.200000e+00 -1.663253e-06 -2.091800e-06
3.210000e+00 -1.946649e-06 -2.427660e-06
3.220000e+00 -2.228430e-06 -2.755270e-06
3.230000e+00 -2.508093e-06 -3.073871e-06
3.240000e+00 -2.785138e-06 -3.382692e-06
3.250000e+00 -3.059068e-06 -3.680954e-06
3.260000e+00 -3.329389e-06 -3.967872e-06
3.270000e+00 -3.595613e-06 -4.242652e-06
3.280000e+00 -3.857258e-06 -4.504500e-06
3.290000e+00 -4.113850e-06 -4.752615e-06
3.300000e+00 -4.364922e-06 -4.986197e-06
3.310000e+00 -4.610017e-06 -5.204447e-06
3.320000e+00 -4.848685e-06 -5.406567e-06
3.330000e+00 -5.080492e-06 -5.591759e-06
3.340000e+00 -5.305012e-06 -5.759235e-06
3.350000e+00 -5.521833e-06 -5.908208e-06
3.360000e+00 -5.730554e-06 -6.037901e-06
3.370000e+00 -5.930792e-06 -6.147544e-06
3.380000e+00 -6.122175e-06 -6.236378e-06
3.390000e+00 -6.304349e-06 -6.303653e-06
3.400000e+00 -6.476974e-06 -6.348633e-06
3.410000e+00 -6.639727e-06 -6.370595e-06
3.420000e+00 -6.792304e-06 -6.368827e-06
3.430000e+00 -6.934417e-06 -6.342638e-06
3.440000e+00 -7.065795e-06 -6.291349e-06
3.450000e+00 -7.186188e-06 -6.214300e-06
3.460000e+00 -7.295362e-06 -6.110849e-06
3.470000e+00 -7.393104e-06 -5.980373e-06
3.480000e+00 -7.479219e-06 -5.822269e-06
3.490000e+00 -7.553534e-06 -5.635954e-06
3.500000e+00 -7.615893e-06 -5.420869e-06
3.510000e+00 -7.666161e-06 -5.176475e-06
3.520000e+00 -7.704223e-06 -4.902256e-06
3.530000e+00 -7.729985e-06 -4.597720e-06
3.540000e+00 -7.743371e-06 -4.262399e-06
3.550000e+00 -7.744328e-06 -3.895851e-06
3.560000e+00 -7.732820e-06 -3.497659e-06
3.570000e+00 -7.708833e-06 -3.067429e-06
3.580000e+00 -7.672372e-06 -2.604797e-06
3.590000e+00 -7.623463e-06 -2.109424e-06
3.600000e+00 -7.562150e-06 -1.580999e-06
3.610000e+00 -7.488498e-06 -1.019238e-06
3.620000e+00 -7.402590e-06 -4.238858e-07
3.630000e+00 -7.304528e-06 2.052846e-07
3.640000e+00 -7.194434e-06 8.684711e-07
3.650000e+00 -7.072447e-06 1.565842e-06
3.660000e+00 -6.938725e-06 2.297538e-06
3.670000e+00 -6.793444e-06 3.063666e-06
3.680000e+00 -6.636797e-06 3.864306e-06
3.690000e+00 -6.468995e-06 4.699506e-06
3.700000e+00 -6.290263e-06 5.569283e-06
3.710000e+00 -6.100847e-06 6.473622e-06
3.720000e+00 -5.901005e-06 7.412478e-06
3.730000e+00 -5.691013e-06 8.385773e-06
3.740000e+00 -5.471161e-06 9.393396e-06
3.750000e+00 -5.241755e-06 1.043520e-05
3.760000e+00 -5.003114e-06 1.151102e-05
3.770000e+00 -4.755571e-06 1.262064e-05
3.780000e+00 -4.499475e-06 1.376382e-05
3.790000e+00 -4.235184e-06 1.494027e-05
3.800000e+00 -3.963072e-06 1.614970e-05
3.810000e+00 -3.683524e-06 1.739176e-05
3.820000e+00 -3.396935e-06 1.866605e-05
3.830000e+00 -3.103714e-06 1.997218e-05
3.840000e+00 -2.804279e-06 2.130969e-05
3.850000e+00 -2.499057e-06 2.267809e-05
3.860000e+00 -2.188489e-06 2.407686e-05
3.870000e+00 -1.873020e-06 2.550544e-05
3.880000e+00 -1.553107e-06 2.696324e-05
3.890000e+00 -1.229214e-06 2.844962e-05
3.900000e+00 -9.018122e-07 2.996391e-05
3.910000e+00 -5.713813e-07 3.150541e-05
3.920000e+00 -2.384064e-07 3.307338e-05
3.930000e+00 9.662097e-08 3.466703e-05
3.940000e+00 4.332040e-07 3.628554e-05
3.950000e+00 7.708409e-07 3.792805e-05
3.960000e+00 1.109025e-06 3.959367e-05
3.970000e+00 1.447248e-06 4.128146e-05
3.980000e+00 1.784995e-06 4.299046e-05
3.990000e+00 2.121751e-06 4.471964e-05
4.000000e+00 2.456999e-06 4.646797e-05
4.010000e+00 2.790219e-06 4.823436e-05
4.020000e+00 3.120892e-06 5.001767e-05
4.030000e+00 3.448499e-06 5.181676e-05
4.040000e+00 3.772521e-06 5.363041e-05
4.050000e+00 4.092439e-06 5.545740e-05
4.060000e+00 4.407737e-06 5.729645e-05
4.070000e+00 4.717904e-06 5.914625e-05
4.080000e+00 5.022428e-06 6.100546e-05
4.090000e+00 5.320803e-06 6.287269e-05
4.100000e+00 5.612530e-06 6.474654e-05
4.110000e+00 5.897112e-06 6.662556e-05
4.120000e+00 6.174059e-06 6.850826e-05
4.130000e+00 6.442891e-06 7.039314e-05
4.140000e+00 6.703131e-06 7.227866e-05
4.150000e+00 6.954314e-06 7.416324e-05
4.160000e+00 7.195984e-06 7.604528e-05
4.170000e+00 7.427694e-06 7.792317e-05
4.180000e+00 7.649008e-06 7.979526e-05
4.190000e+00 7.859503e-06 8.165986e-05
4.200000e+00 8.058767e-06 8.351529e-05
4.210000e+00 8.246402e-06 8.535983e-05
4.220000e+00 8.422026e-06 8.719175e-05
4.230000e+00 8.585268e-06 8.900930e-05
4.240000e+00 8.735776e-06 9.081073e-05
4.250000e+00 8.873215e-06 9.259426e-05
4.260000e+00 8.997264e-06 9.435810e-05
4.270000e+00 9.107624e-06 9.610048e-05
4.280000e+00 9.204013e-06 9.781960e-05
4.290000e+00 9.286169e-06 9.951368e-05
4.300000e+00 9.353850e-06 1.011809e-04
4.310000e+00 9.406838e-06 1.028195e-04
4.320000e+00 9.444934e-06 1.044277e-04
4.330000e+00 9.467963e-06 1.060038e-04
4.340000e+00 9.475773e-06 1.075459e-04
4.350000e+00 9.468236e-06 1.090524e-04
4.360000e+00 9.445248e-06 1.105215e-04
4.370000e+00 9.406733e-06 1.119516e-04
4.380000e+00 9.352637e-06 1.133410e-04
4.390000e+00 9.282935e-06 1.146880e-04
4.400000e+00 9.197627e-06 1.159911e-04
4.410000e+00 9.096740e-06 1.172487e-04
4.420000e+00 8.980331e-06 1.184593e-04
4.430000e+00 8.848481e-06 1.196214e-04
4.440000e+00 8.701302e-06 1.207336e-04
4.450000e+00 8.538932e-06 1.217946e-04
4.460000e+00 8.361539e-06 1.228029e-04
4.470000e+00 8.169319e-06 1.237575e-04
4.480000e+00 7.962495e-06 1.246570e-04
4.490000e+00 7.741319e-06 1.255003e-04
4.500000e+00 7.506072e-06 1.262864e-04
4.510000e+00 7.257062e-06 1.270144e-04
4.520000e+00 6.994625e-06 1.276832e-04
4.530000e+00 6.719124e-06 1.282920e-04
4.540000e+00 6.430949e-06 1.288402e-04
4.550000e+00 6.130516e-06 1.293270e-04
4.560000e+00 5.818268e-06 1.297518e-04
4.570000e+00 5.494672e-06 1.301142e-04
4.580000e+00 5.160220e-06 1.304136e-04
4.590000e+00 4.815427e-06 1.306499e-04
4.600000e+00 4.460831e-06 1.308227e-04
4.610000e+00 4.096993e-06 1.309320e-04
4.620000e+00 3.724493e-06 1.309776e-04
4.630000e+00 3.343933e-06 1.309597e-04
4.640000e+00 2.955932e-06 1.308783e-04
4.650000e+00 2.561126e-06 1.307338e-04
4.660000e+00 2.160170e-06 1.305264e-04
4.670000e+00 1.753732e-06 1.302566e-04
4.680000e+00 1.342494e-06 1.299249e-04
4.690000e+00 9.271500e-07 1.295319e-04
4.700000e+00 5.084062e-07 1.290783e-04
4.710000e+00 8.697732e-08 1.285651e-04
4.720000e+00 -3.364137e-07 1.279929e-04
4.730000e+00 -7.610375e-07 1.273629e-04
4.740000e+00 -1.186159e-06 1.266760e-04
4.750000e+00 -1.611041e-06 1.259335e-04
4.760000e+00 -2.034944e-06 1.251365e-04
4.770000e+00 -2.457126e-06 1.242865e-04
4.780000e+00 -2.876849e-06 1.233847e-04
4.790000e+00 -3.293376e-06 1.224326e-04
4.800000e+00 -3.705976e-06 1.214318e-04
4.810000e+00 -4.113922e-06 1.203838e-04
4.820000e+00 -4.516494e-06 1.192903e-04
4.830000e+00 -4.912983e-06 1.181530e-04
4.840000e+00 -5.302688e-06 1.169737e-04
4.850000e+00 -5.684921e-06 1.157542e-04
4.860000e+00 -6.059006e-06 1.144964e-04
4.870000e+00 -6.424282e-06 1.132021e-04
4.880000e+00 -6.780103e-06 1.118734e-04
4.890000e+00 -7.125841e-06 1.105121e-04
4.900000e+00 -7.460885e-06 1.091203e-04
4.910000e+00 -7.784642e-06 1.077000e-04
4.920000e+00 -8.096543e-06 1.062532e-04
4.930000e+00 -8.396037e-06 1.047821e-04
4.940000e+00 -8.682596e-06 1.032886e-04
4.950000e+00 -8.955717e-06 1.017749e-04
4.960000e+00 -9.214917e-06 1.002431e-04
4.970000e+00 -9.459742e-06 9.869509e-05
4.980000e+00 -9.689762e-06 9.713309e-05
4.990000e+00 -9.904571e-06 9.555913e-05
5.000000e+00 -1.010379e-05 9.397523e-05
5.010000e+00 -1.028708e-05 9.238343e-05
5.020000e+00 -1.045410e-05 9.078572e-05
5.030000e+00 -1.060457e-05 8.918407e-05
5.040000e+00 -1.073822e-05 8.758042e-05
5.050000e+00 -1.085482e-05 8.597668e-05
5.060000e+00 -1.095414e-05 8.437472e-05
5.070000e+00 -1.103602e-05 8.277637e-05
5.080000e+00 -1.110031e-05 8.118343e-05
5.090000e+00 -1.114687e-05 7.959762e-05
5.100000e+00 -1.117563e-05 7.802064e-05
5.110000e+00 -1.118651e-05 7.645413e-05
5.120000e+00 -1.117948e-05 7.489969e-05
5.130000e+00 -1.115454e-05 7.335883e-05
5.140000e+00 -1.111171e-05 7.183305e-05
5.150000e+00 -1.105104e-05 7.032374e-05
5.160000e+00 -1.097260e-05 6.883228e-05
5.170000e+00 -1.087652e-05 6.735994e-05
5.180000e+00 -1.076291e-05 6.590796e-05
5.190000e+00 -1.063194e-05 6.447751e-05
5.200000e+00 -1.048379e-05 6.306967e-05
5.210000e+00 -1.031869e-05 6.168549e-05
5.220000e+00 -1.013686e-05 6.032592e-05
5.230000e+00 -9.938574e-06 5.899186e-05
5.240000e+00 -9.724114e-06 5.768415e-05
5.250000e+00 -9.493792e-06 5.640354e-05
5.260000e+00 -9.247944e-06 5.515073e-05
5.270000e+00 -8.986926e-06 5.392633e-05
5.280000e+00 -8.711117e-06 5.273091e-05
5.290000e+00 -8.420917e-06 5.156496e-05
5.300000e+00 -8.116748e-06 5.042889e-05
5.310000e+00 -7.799052e-06 4.932306e-05
5.320000e+00 -7.468287e-06 4.824775e-05
5.330000e+00 -7.124935e-06 4.720320e-05
5.340000e+00 -6.769492e-06 4.618956e-05
5.350000e+00 -6.402474e-06 4.520692e-05
5.360000e+00 -6.024412e-06 4.425532e-05
5.370000e+00 -5.635853e-06 4.333473e-05
5.380000e+00 -5.237361e-06 4.244506e-05
5.390000e+00 -4.829514e-06 4.158616e-05
5.400000e+00 -4.412902e-06 4.075783e-05
5.410000e+00 -3.988130e-06 3.995980e-05
5.420000e+00 -3.555815e-06 3.919175e-05
5.430000e+00 -3.116587e-06 3.845333e-05
5.440000e+00 -2.671084e-06 3.774410e-05
5.450000e+00 -2.219957e-06 3.706359e-05
5.460000e+00 -1.763865e-06 3.641130e-05
5.470000e+00 -1.303476e-06 3.578663e-05
5.480000e+00 -8.394672e-07 3.518900e-05
5.490000e+00 -3.725215e-07 3.461774e-05
5.500000e+00 9.667117e-08 3.407215e-05
5.510000e+00 5.674153e-07 3.355150e-05
5.520000e+00 1.039010e-06 3.305502e-05
5.530000e+00 1.510752e-06 3.258190e-05
5.540000e+00 1.981931e-06 3.213130e-05
5.550000e+00 2.451839e-06 3.170233e-05
5.560000e+00 2.919763e-06 3.129411e-05
5.570000e+00 3.384990e-06 3.090570e-05
5.580000e+00 3.846808e-06 3.053613e-05
5.590000e+00 4.304504e-06 3.018444e-05
5.600000e+00 4.757368e-06 2.984961e-05
5.610000e+00 5.204693e-06 2.953064e-05
5.620000e+00 5.645775e-06 2.922647e-05
5.630000e+00 6.079914e-06 2.893606e-05
5.640000e+00 6.506416e-06 2.865834e-05
5.650000e+00 6.924593e-06 2.839223e-05
5.660000e+00 7.333764e-06 2.813665e-05
5.670000e+00 7.733258e-06 2.789051e-05
5.680000e+00 8.122411e-06 2.765270e-05
5.690000e+00 8.500569e-06 2.742214e-05
5.700000e+00 8.867090e-06 2.719772e-05
5.710000e+00 9.221346e-06 2.697835e-05
5.720000e+00 9.562719e-06 2.676294e-05
5.730000e+00 9.890608e-06 2.655040e-05
5.740000e+00 1.020442e-05 2.633967e-05
5.750000e+00 1.050360e-05 2.612967e-05
5.760000e+00 1.078758e-05 2.591936e-05
5.770000e+00 1.105582e-05 2.570770e-05
5.780000e+00 1.130782e-05 2.549368e-05
5.790000e+00 1.154308e-05 2.527630e-05
5.800000e+00 1.176112e-05 2.505459e-05
5.810000e+00 1.196149e-05 2.482760e-05
5.820000e+00 1.214377e-05 2.459441e-05
5.830000e+00 1.230755e-05 2.435412e-05
5.840000e+00 1.245246e-05 2.410587e-05
5.850000e+00 1.257814e-05 2.384882e-05
5.860000e+00 1.268427e-05 2.358219e-05
5.870000e+00 1.277056e-05 2.330520e-05
5.880000e+00 1.283675e-05 2.301715e-05
5.890000e+00 1.288258e-05 2.271734e-05
5.900000e+00 1.290788e-05 2.240514e-05
5.910000e+00 1.291245e-05 2.207995e-05
5.920000e+00 1.289617e-05 2.174122e-05
5.930000e+00 1.285892e-05 2.138845e-05
5.940000e+00 1.280064e-05 2.102118e-05
5.950000e+00 1.272129e-05 2.063900e-05
5.960000e+00 1.262087e-05 2.024156e-05
5.970000e+00 1.249941e-05 1.982855e-05
5.980000e+00 1.235699e-05 1.939972e-05
5.990000e+00 1.219371e-05 1.895489e-05
6.000000e+00 1.200972e-05 1.849390e-05
6.010000e+00 1.180520e-05 1.801666e-05
6.020000e+00 1.158036e-05 1.752317e-05
6.030000e+00 1.133548e-05 1.701342e-05
6.040000e+00 1.107084e-05 1.648753e-05
6.050000e+00 1.078677e-05 1.594562e-05
6.060000e+00 1.048365e-05 1.538789e-05
6.070000e+00 1.016188e-05 1.481462e-05
6.080000e+00 9.821895e-06 1.422610e-05
6.090000e+00 9.464184e-06 1.362272e-05
6.100000e+00 9.089258e-06 1.300491e-05
6.110000e+00 8.697667e-06 1.237315e-05
6.120000e+00 8.289993e-06 1.172798e-05
6.130000e+00 7.866853e-06 1.107000e-05
6.140000e+00 7.428897e-06 1.039987e-05
6.150000e+00 6.976803e-06 9.718285e-06
6.160000e+00 6.511283e-06 9.026004e-06
6.170000e+00 6.033075e-06 8.323832e-06
6.180000e+00 5.542947e-06 7.612625e-06
6.190000e+00 5.041693e-06 6.893284e-06
6.200000e+00 4.530129e-06 6.166756e-06
6.210000e+00 4.009099e-06 5.434032e-06
6.220000e+00 3.479464e-06 4.696144e-06
6.230000e+00 2.942108e-06 3.954165e-06
6.240000e+00 2.397932e-06 3.209202e-06
6.250000e+00 1.847855e-06 2.462401e-06
6.260000e+00 1.292808e-06 1.714936e-06
6.270000e+00 7.337375e-07 9.680162e-07
6.280000e+00 1.715991e-07 2.228746e-07
6.290000e+00 -3.926424e-07 -5.192291e-07
6.300000e+00 -9.580152e-07 -1.257013e-06
