0.000000	-2.774279e-10
0.100000	1.435255e-09
0.200000	6.530104e-09
0.300000	1.499690e-08
0.400000	2.681950e-08
0.500000	4.197700e-08
0.600000	6.043987e-08
0.700000	8.217449e-08
0.800000	1.071417e-07
0.900000	1.352949e-07
1.000000	1.665841e-07
1.100000	2.009530e-07
1.200000	2.383392e-07
1.300000	2.786777e-07
1.400000	3.218994e-07
1.500000	3.679286e-07
1.600000	4.166876e-07
1.700000	4.680938e-07
1.800000	5.220629e-07
1.900000	5.785074e-07
2.000000	6.373367e-07
2.100000	6.984598e-07
2.200000	7.617812e-07
2.300000	8.272052e-07
2.400000	8.946343e-07
2.500000	9.639720e-07
2.600000	1.035119e-06
2.700000	1.107977e-06
2.800000	1.182447e-06
2.900000	1.258430e-06
3.000000	1.335829e-06
3.100000	1.414546e-06
3.200000	1.494486e-06
3.300000	1.575554e-06
3.400000	1.657656e-06
3.500000	1.740700e-06
3.600000	1.824595e-06
3.700000	1.909255e-06
3.800000	1.994593e-06
3.900000	2.080524e-06
4.000000	2.166968e-06
4.100000	2.253846e-06
4.200000	2.341080e-06
4.300000	2.428596e-06
4.400000	2.516323e-06
4.500000	2.604192e-06
4.600000	2.692136e-06
4.700000	2.780092e-06
4.800000	2.867998e-06
4.900000	2.955797e-06
5.000000	3.043431e-06
5.100000	3.130850e-06
5.200000	3.218001e-06
5.300000	3.304838e-06
5.400000	3.391316e-06
5.500000	3.477390e-06
5.600000	3.563022e-06
5.700000	3.648172e-06
5.800000	3.732806e-06
5.900000	3.816889e-06
6.000000	3.900392e-06
6.100000	3.983284e-06
6.200000	4.065539e-06
6.300000	4.147133e-06
6.400000	4.228041e-06
6.500000	4.308243e-06
6.600000	4.387720e-06
6.700000	4.466453e-06
6.800000	4.544428e-06
6.900000	4.621629e-06
7.000000	4.698044e-06
7.100000	4.773662e-06
7.200000	4.848471e-06
7.300000	4.922464e-06
7.400000	4.995633e-06
7.500000	5.067972e-06
7.600000	5.139476e-06
7.700000	5.210140e-06
7.800000	5.279962e-06
7.900000	5.348938e-06
8.000000	5.417069e-06
8.100000	5.484354e-06
8.200000	5.550792e-06
8.300000	5.616386e-06
8.400000	5.681137e-06
8.500000	5.745047e-06
8.600000	5.808120e-06
8.700000	5.870359e-06
8.800000	5.931768e-06
8.900000	5.992353e-06
9.000000	6.052117e-06
9.100000	6.111068e-06
9.200000	6.169210e-06
9.300000	6.226550e-06
9.400000	6.283095e-06
9.500000	6.338852e-06
9.600000	6.393827e-06
9.700000	6.448029e-06
9.800000	6.501464e-06
9.900000	6.554142e-06
10.000000	6.606069e-06
10.100000	6.657254e-06
10.200000	6.707706e-06
10.300000	6.757433e-06
10.400000	6.806443e-06
10.500000	6.854745e-06
10.600000	6.902348e-06
10.700000	6.949261e-06
10.800000	6.995492e-06
10.900000	7.041050e-06
11.000000	7.085946e-06
11.100000	7.130186e-06
11.200000	7.173780e-06
11.300000	7.216737e-06
11.400000	7.259066e-06
11.500000	7.300775e-06
11.600000	7.341874e-06
11.700000	7.382372e-06
11.800000	7.422277e-06
11.900000	7.461597e-06
12.000000	7.500341e-06
12.100000	7.538519e-06
12.200000	7.576138e-06
12.300000	7.613207e-06
12.400000	7.649734e-06
12.500000	7.685727e-06
12.600000	7.721196e-06
12.700000	7.756147e-06
12.800000	7.790589e-06
12.900000	7.824529e-06
13.000000	7.857977e-06
13.100000	7.890939e-06
13.200000	7.923422e-06
13.300000	7.955436e-06
13.400000	7.986986e-06
13.500000	8.018081e-06
13.600000	8.048728e-06
13.700000	8.078933e-06
13.800000	8.108704e-06
13.900000	8.138049e-06
14.000000	8.166973e-06
14.100000	8.195484e-06
14.200000	8.223588e-06
14.300000	8.251291e-06
14.400000	8.278602e-06
14.500000	8.305525e-06
14.600000	8.332066e-06
14.700000	8.358233e-06
14.800000	8.384032e-06
14.900000	8.409468e-06
15.000000	8.434546e-06
15.100000	8.459274e-06
15.200000	8.483657e-06
15.300000	8.507700e-06
15.400000	8.531408e-06
15.500000	8.554789e-06
15.600000	8.577845e-06
15.700000	8.600584e-06
15.800000	8.623010e-06
15.900000	8.645128e-06
16.000000	8.666943e-06
16.100000	8.688460e-06
16.200000	8.709684e-06
16.300000	8.730620e-06
16.400000	8.751272e-06
16.500000	8.771645e-06
16.600000	8.791744e-06
16.700000	8.811572e-06
16.800000	8.831135e-06
16.900000	8.850436e-06
17.000000	8.869480e-06
17.100000	8.888270e-06
17.200000	8.906812e-06
17.300000	8.925109e-06
17.400000	8.943164e-06
17.500000	8.960982e-06
17.600000	8.978567e-06
17.700000	8.995922e-06
17.800000	9.013051e-06
17.900000	9.029957e-06
18.000000	9.046644e-06
18.100000	9.063116e-06
18.200000	9.079375e-06
18.300000	9.095426e-06
18.400000	9.111271e-06
18.500000	9.126914e-06
18.600000	9.142358e-06
18.700000	9.157606e-06
18.800000	9.172661e-06
18.900000	9.187526e-06
19.000000	9.202204e-06
19.100000	9.216698e-06
19.200000	9.231011e-06
19.300000	9.245145e-06
19.400000	9.259104e-06
19.500000	9.272889e-06
19.600000	9.286505e-06
19.700000	9.299953e-06
19.800000	9.313235e-06
19.900000	9.326356e-06
20.000000	9.339316e-06
20.100000	9.352118e-06
20.200000	9.364765e-06
20.300000	9.377259e-06
20.400000	9.389603e-06
20.500000	9.401798e-06
20.600000	9.413847e-06
20.700000	9.425752e-06
20.800000	9.437515e-06
20.900000	9.449139e-06
21.000000	9.460625e-06
21.100000	9.471975e-06
21.200000	9.483192e-06
21.300000	9.494278e-06
21.400000	9.505234e-06
21.500000	9.516062e-06
21.600000	9.526764e-06
21.700000	9.537342e-06
21.800000	9.547798e-06
21.900000	9.558134e-06
22.000000	9.568351e-06
22.100000	9.578451e-06
22.200000	9.588435e-06
22.300000	9.598306e-06
22.400000	9.608066e-06
22.500000	9.617715e-06
22.600000	9.627255e-06
22.700000	9.636687e-06
22.800000	9.646015e-06
22.900000	9.655237e-06
23.000000	9.664358e-06
23.100000	9.673377e-06
23.200000	9.682296e-06
23.300000	9.691116e-06
23.400000	9.699840e-06
23.500000	9.708468e-06
23.600000	9.717002e-06
23.700000	9.725442e-06
23.800000	9.733791e-06
23.900000	9.742049e-06
24.000000	9.750218e-06
24.100000	9.758299e-06
24.200000	9.766293e-06
24.300000	9.774202e-06
24.400000	9.782026e-06
24.500000	9.789767e-06
24.600000	9.797426e-06
24.700000	9.805004e-06
24.800000	9.812501e-06
24.900000	9.819920e-06
25.000000	9.827261e-06
25.100000	9.834525e-06
25.200000	9.841714e-06
25.300000	9.848828e-06
25.400000	9.855868e-06
25.500000	9.862835e-06
25.600000	9.869731e-06
25.700000	9.876556e-06
25.800000	9.883310e-06
25.900000	9.889996e-06
26.000000	9.896614e-06
26.100000	9.903165e-06
26.200000	9.909649e-06
26.300000	9.916068e-06
26.400000	9.922422e-06
26.500000	9.928712e-06
26.600000	9.934940e-06
26.700000	9.941105e-06
26.800000	9.947209e-06
26.900000	9.953253e-06
27.000000	9.959236e-06
27.100000	9.965161e-06
27.200000	9.971027e-06
27.300000	9.976836e-06
27.400000	9.982588e-06
27.500000	9.988284e-06
27.600000	9.993925e-06
27.700000	9.999511e-06
27.800000	1.000504e-05
27.900000	1.001052e-05
28.000000	1.001595e-05
28.100000	1.002132e-05
28.200000	1.002664e-05
28.300000	1.003192e-05
28.400000	1.003714e-05
28.500000	1.004231e-05
28.600000	1.004743e-05
28.700000	1.005251e-05
28.800000	1.005754e-05
28.900000	1.006252e-05
29.000000	1.006745e-05
29.100000	1.007234e-05
29.200000	1.007718e-05
29.300000	1.008198e-05
29.400000	1.008674e-05
29.500000	1.009145e-05
29.600000	1.009611e-05
29.700000	1.010074e-05
29.800000	1.010532e-05
29.900000	1.010986e-05
30.000000	1.011436e-05
30.100000	1.011881e-05
30.200000	1.012323e-05
30.300000	1.012761e-05
30.400000	1.013195e-05
30.500000	1.013625e-05
30.600000	1.014051e-05
30.700000	1.014474e-05
30.800000	1.014892e-05
30.900000	1.015307e-05
31.000000	1.015718e-05
31.100000	1.016126e-05
31.200000	1.016530e-05
31.300000	1.016931e-05
31.400000	1.017328e-05
31.500000	1.017721e-05
31.600000	1.018112e-05
31.700000	1.018498e-05
31.800000	1.018882e-05
31.900000	1.019262e-05
32.000000	1.019639e-05
32.100000	1.020013e-05
32.200000	1.020383e-05
32.300000	1.020751e-05
32.400000	1.021115e-05
32.500000	1.021476e-05
32.600000	1.021835e-05
32.700000	1.022190e-05
32.800000	1.022542e-05
32.900000	1.022891e-05
33.000000	1.023238e-05
33.100000	1.023581e-05
33.200000	1.023922e-05
33.300000	1.024260e-05
33.400000	1.024595e-05
33.500000	1.024928e-05
33.600000	1.025257e-05
33.700000	1.025584e-05
33.800000	1.025909e-05
33.900000	1.026231e-05
34.000000	1.026550e-05
34.100000	1.026866e-05
34.200000	1.027181e-05
34.300000	1.027492e-05
34.400000	1.027801e-05
34.500000	1.028108e-05
34.600000	1.028412e-05
34.700000	1.028714e-05
34.800000	1.029014e-05
34.900000	1.029311e-05
35.000000	1.029606e-05
35.100000	1.029899e-05
35.200000	1.030189e-05
35.300000	1.030477e-05
35.400000	1.030763e-05
35.500000	1.031047e-05
35.600000	1.031329e-05
35.700000	1.031608e-05
35.800000	1.031886e-05
35.900000	1.032161e-05
36.000000	1.032435e-05
36.100000	1.032706e-05
36.200000	1.032975e-05
36.300000	1.033243e-05
36.400000	1.033508e-05
36.500000	1.033772e-05
36.600000	1.034033e-05
36.700000	1.034293e-05
36.800000	1.034551e-05
36.900000	1.034807e-05
37.000000	1.035061e-05
37.100000	1.035314e-05
37.200000	1.035564e-05
37.300000	1.035813e-05
37.400000	1.036060e-05
37.500000	1.036306e-05
37.600000	1.036550e-05
37.700000	1.036792e-05
37.800000	1.037032e-05
37.900000	1.037271e-05
38.000000	1.037509e-05
38.100000	1.037744e-05
38.200000	1.037979e-05
38.300000	1.038211e-05
38.400000	1.038442e-05
38.500000	1.038672e-05
38.600000	1.038900e-05
38.700000	1.039127e-05
38.800000	1.039352e-05
38.900000	1.039576e-05
39.000000	1.039799e-05
39.100000	1.040020e-05
39.200000	1.040240e-05
39.300000	1.040458e-05
39.400000	1.040675e-05
39.500000	1.040891e-05
39.600000	1.041105e-05
39.700000	1.041319e-05
39.800000	1.041531e-05
39.900000	1.041742e-05
40.000000	1.041951e-05
40.100000	1.042160e-05
40.200000	1.042367e-05
40.300000	1.042573e-05
40.400000	1.042778e-05
40.500000	1.042982e-05
40.600000	1.043185e-05
40.700000	1.043387e-05
40.800000	1.043587e-05
40.900000	1.043787e-05
41.000000	1.043985e-05
41.100000	1.044183e-05
41.200000	1.044380e-05
41.300000	1.044575e-05
41.400000	1.044770e-05
41.500000	1.044964e-05
41.600000	1.045157e-05
41.700000	1.045349e-05
41.800000	1.045540e-05
41.900000	1.045730e-05
42.000000	1.045920e-05
42.100000	1.046108e-05
42.200000	1.046296e-05
42.300000	1.046483e-05
42.400000	1.046670e-05
42.500000	1.046855e-05
42.600000	1.047040e-05
42.700000	1.047224e-05
42.800000	1.047407e-05
42.900000	1.047590e-05
43.000000	1.047772e-05
43.100000	1.047953e-05
43.200000	1.048134e-05
43.300000	1.048314e-05
43.400000	1.048494e-05
43.500000	1.048673e-05
43.600000	1.048851e-05
43.700000	1.049029e-05
43.800000	1.049207e-05
43.900000	1.049383e-05
44.000000	1.049560e-05
44.100000	1.049736e-05
44.200000	1.049911e-05
44.300000	1.050086e-05
44.400000	1.050260e-05
44.500000	1.050435e-05
44.600000	1.050608e-05
44.700000	1.050782e-05
44.800000	1.050955e-05
44.900000	1.051127e-05
45.000000	1.051300e-05
45.100000	1.051472e-05
45.200000	1.051644e-05
45.300000	1.051815e-05
45.400000	1.051986e-05
45.500000	1.052157e-05
45.600000	1.052328e-05
45.700000	1.052499e-05
45.800000	1.052669e-05
45.900000	1.052840e-05
46.000000	1.053010e-05
46.100000	1.053180e-05
46.200000	1.053350e-05
46.300000	1.053519e-05
46.400000	1.053689e-05
46.500000	1.053859e-05
46.600000	1.054028e-05
46.700000	1.054198e-05
46.800000	1.054367e-05
46.900000	1.054537e-05
47.000000	1.054706e-05
47.100000	1.054876e-05
47.200000	1.055046e-05
47.300000	1.055215e-05
47.400000	1.055385e-05
47.500000	1.055555e-05
47.600000	1.055725e-05
47.700000	1.055895e-05
47.800000	1.056066e-05
47.900000	1.056236e-05
48.000000	1.056407e-05
48.100000	1.056578e-05
48.200000	1.056749e-05
48.300000	1.056920e-05
48.400000	1.057092e-05
48.500000	1.057264e-05
48.600000	1.057436e-05
48.700000	1.057609e-05
48.800000	1.057781e-05
48.900000	1.057955e-05
49.000000	1.058128e-05
49.100000	1.058302e-05
49.200000	1.058477e-05
49.300000	1.058651e-05
49.400000	1.058827e-05
49.500000	1.059002e-05
49.600000	1.059178e-05
49.700000	1.059355e-05
49.800000	1.059532e-05
49.900000	1.059710e-05
50.000000	1.059888e-05
50.100000	1.060067e-05
