0.000000	-2.774279e-10
0.100000	3.502996e-09
0.200000	1.481138e-08
0.300000	3.362579e-08
0.400000	5.991093e-08
0.500000	9.361800e-08
0.600000	1.346849e-07
0.700000	1.830355e-07
0.800000	2.385807e-07
0.900000	3.012192e-07
1.000000	3.708378e-07
1.100000	4.473109e-07
1.200000	5.305028e-07
1.300000	6.202673e-07
1.400000	7.164473e-07
1.500000	8.188778e-07
1.600000	9.273851e-07
1.700000	1.041786e-06
1.800000	1.161892e-06
1.900000	1.287509e-06
2.000000	1.418435e-06
2.100000	1.554466e-06
2.200000	1.695391e-06
2.300000	1.840996e-06
2.400000	1.991067e-06
2.500000	2.145385e-06
2.600000	2.303733e-06
2.700000	2.465888e-06
2.800000	2.631632e-06
2.900000	2.800747e-06
3.000000	2.973013e-06
3.100000	3.148214e-06
3.200000	3.326138e-06
3.300000	3.506571e-06
3.400000	3.689308e-06
3.500000	3.874142e-06
3.600000	4.060873e-06
3.700000	4.249306e-06
3.800000	4.439249e-06
3.900000	4.630514e-06
4.000000	4.822920e-06
4.100000	5.016291e-06
4.200000	5.210456e-06
4.300000	5.405250e-06
4.400000	5.600513e-06
4.500000	5.796092e-06
4.600000	5.991840e-06
4.700000	6.187613e-06
4.800000	6.383277e-06
4.900000	6.578701e-06
5.000000	6.773762e-06
5.100000	6.968342e-06
5.200000	7.162329e-06
5.300000	7.355615e-06
5.400000	7.548101e-06
5.500000	7.739691e-06
5.600000	7.930294e-06
5.700000	8.119828e-06
5.800000	8.308212e-06
5.900000	8.495372e-06
6.000000	8.681238e-06
6.100000	8.865747e-06
6.200000	9.048838e-06
6.300000	9.230456e-06
6.400000	9.410549e-06
6.500000	9.589071e-06
6.600000	9.765978e-06
6.700000	9.941231e-06
6.800000	1.011480e-05
6.900000	1.028664e-05
7.000000	1.045673e-05
7.100000	1.062505e-05
7.200000	1.079157e-05
7.300000	1.095627e-05
7.400000	1.111914e-05
7.500000	1.128016e-05
7.600000	1.143933e-05
7.700000	1.159662e-05
7.800000	1.175204e-05
7.900000	1.190558e-05
8.000000	1.205723e-05
8.100000	1.220700e-05
8.200000	1.235489e-05
8.300000	1.250090e-05
8.400000	1.264503e-05
8.500000	1.278729e-05
8.600000	1.292769e-05
8.700000	1.306623e-05
8.800000	1.320292e-05
8.900000	1.333778e-05
9.000000	1.347082e-05
9.100000	1.360204e-05
9.200000	1.373146e-05
9.300000	1.385910e-05
9.400000	1.398497e-05
9.500000	1.410908e-05
9.600000	1.423145e-05
9.700000	1.435210e-05
9.800000	1.447105e-05
9.900000	1.458831e-05
10.000000	1.470390e-05
10.100000	1.481784e-05
10.200000	1.493014e-05
10.300000	1.504083e-05
10.400000	1.514993e-05
10.500000	1.525745e-05
10.600000	1.536341e-05
10.700000	1.546784e-05
10.800000	1.557075e-05
10.900000	1.567216e-05
11.000000	1.577210e-05
11.100000	1.587058e-05
11.200000	1.596762e-05
11.300000	1.606324e-05
11.400000	1.615747e-05
11.500000	1.625031e-05
11.600000	1.634180e-05
11.700000	1.643195e-05
11.800000	1.652077e-05
11.900000	1.660830e-05
12.000000	1.669455e-05
12.100000	1.677953e-05
12.200000	1.686327e-05
12.300000	1.694579e-05
12.400000	1.702710e-05
12.500000	1.710722e-05
12.600000	1.718617e-05
12.700000	1.726398e-05
12.800000	1.734064e-05
12.900000	1.741620e-05
13.000000	1.749065e-05
13.100000	1.756402e-05
13.200000	1.763633e-05
13.300000	1.770760e-05
13.400000	1.777783e-05
13.500000	1.784705e-05
13.600000	1.791527e-05
13.700000	1.798250e-05
13.800000	1.804878e-05
13.900000	1.811410e-05
14.000000	1.817848e-05
14.100000	1.824195e-05
14.200000	1.830451e-05
14.300000	1.836618e-05
14.400000	1.842697e-05
14.500000	1.848690e-05
14.600000	1.854599e-05
14.700000	1.860424e-05
14.800000	1.866166e-05
14.900000	1.871828e-05
15.000000	1.877411e-05
15.100000	1.882916e-05
15.200000	1.888343e-05
15.300000	1.893695e-05
15.400000	1.898973e-05
15.500000	1.904177e-05
15.600000	1.909310e-05
15.700000	1.914372e-05
15.800000	1.919364e-05
15.900000	1.924287e-05
16.000000	1.929143e-05
16.100000	1.933933e-05
16.200000	1.938658e-05
16.300000	1.943318e-05
16.400000	1.947915e-05
16.500000	1.952451e-05
16.600000	1.956925e-05
16.700000	1.961338e-05
16.800000	1.965693e-05
16.900000	1.969990e-05
17.000000	1.974229e-05
17.100000	1.978412e-05
17.200000	1.982539e-05
17.300000	1.986612e-05
17.400000	1.990631e-05
17.500000	1.994598e-05
17.600000	1.998512e-05
17.700000	2.002376e-05
17.800000	2.006188e-05
17.900000	2.009952e-05
18.000000	2.013666e-05
18.100000	2.017333e-05
18.200000	2.020953e-05
18.300000	2.024526e-05
18.400000	2.028053e-05
18.500000	2.031535e-05
18.600000	2.034973e-05
18.700000	2.038367e-05
18.800000	2.041718e-05
18.900000	2.045027e-05
19.000000	2.048295e-05
19.100000	2.051521e-05
19.200000	2.054707e-05
19.300000	2.057854e-05
19.400000	2.060961e-05
19.500000	2.064030e-05
19.600000	2.067060e-05
19.700000	2.070054e-05
19.800000	2.073011e-05
19.900000	2.075931e-05
20.000000	2.078816e-05
20.100000	2.081666e-05
20.200000	2.084481e-05
20.300000	2.087263e-05
20.400000	2.090010e-05
20.500000	2.092725e-05
20.600000	2.095407e-05
20.700000	2.098057e-05
20.800000	2.100676e-05
20.900000	2.103263e-05
21.000000	2.105820e-05
21.100000	2.108347e-05
21.200000	2.110844e-05
21.300000	2.113311e-05
21.400000	2.115750e-05
21.500000	2.118160e-05
21.600000	2.120543e-05
21.700000	2.122897e-05
21.800000	2.125225e-05
21.900000	2.127526e-05
22.000000	2.129800e-05
22.100000	2.132048e-05
22.200000	2.134271e-05
22.300000	2.136468e-05
22.400000	2.138641e-05
22.500000	2.140788e-05
22.600000	2.142912e-05
22.700000	2.145012e-05
22.800000	2.147088e-05
22.900000	2.149141e-05
23.000000	2.151171e-05
23.100000	2.153179e-05
23.200000	2.155164e-05
23.300000	2.157128e-05
23.400000	2.159070e-05
23.500000	2.160990e-05
23.600000	2.162890e-05
23.700000	2.164769e-05
23.800000	2.166627e-05
23.900000	2.168465e-05
24.000000	2.170284e-05
24.100000	2.172082e-05
24.200000	2.173862e-05
24.300000	2.175622e-05
24.400000	2.177364e-05
24.500000	2.179087e-05
24.600000	2.180792e-05
24.700000	2.182479e-05
24.800000	2.184148e-05
24.900000	2.185799e-05
25.000000	2.187433e-05
25.100000	2.189050e-05
25.200000	2.190650e-05
25.300000	2.192234e-05
25.400000	2.193801e-05
25.500000	2.195352e-05
25.600000	2.196887e-05
25.700000	2.198406e-05
25.800000	2.199909e-05
25.900000	2.201398e-05
26.000000	2.202871e-05
26.100000	2.204329e-05
26.200000	2.205772e-05
26.300000	2.207201e-05
26.400000	2.208615e-05
26.500000	2.210016e-05
26.600000	2.211402e-05
26.700000	2.212774e-05
26.800000	2.214133e-05
26.900000	2.215478e-05
27.000000	2.216810e-05
27.100000	2.218129e-05
27.200000	2.219434e-05
27.300000	2.220727e-05
27.400000	2.222008e-05
27.500000	2.223276e-05
27.600000	2.224531e-05
27.700000	2.225774e-05
27.800000	2.227006e-05
27.900000	2.228225e-05
28.000000	2.229433e-05
28.100000	2.230629e-05
28.200000	2.231814e-05
28.300000	2.232987e-05
28.400000	2.234150e-05
28.500000	2.235301e-05
28.600000	2.236441e-05
28.700000	2.237571e-05
28.800000	2.238690e-05
28.900000	2.239798e-05
29.000000	2.240897e-05
29.100000	2.241984e-05
29.200000	2.243062e-05
29.300000	2.244130e-05
29.400000	2.245188e-05
29.500000	2.246236e-05
29.600000	2.247275e-05
29.700000	2.248304e-05
29.800000	2.249324e-05
29.900000	2.250334e-05
30.000000	2.251335e-05
30.100000	2.252327e-05
30.200000	2.253310e-05
30.300000	2.254285e-05
30.400000	2.255250e-05
30.500000	2.256207e-05
30.600000	2.257155e-05
30.700000	2.258095e-05
30.800000	2.259027e-05
30.900000	2.259950e-05
31.000000	2.260865e-05
31.100000	2.261772e-05
31.200000	2.262671e-05
31.300000	2.263562e-05
31.400000	2.264446e-05
31.500000	2.265322e-05
31.600000	2.266190e-05
31.700000	2.267050e-05
31.800000	2.267903e-05
31.900000	2.268749e-05
32.000000	2.269588e-05
32.100000	2.270419e-05
32.200000	2.271243e-05
32.300000	2.272060e-05
32.400000	2.272871e-05
32.500000	2.273674e-05
32.600000	2.274470e-05
32.700000	2.275260e-05
32.800000	2.276044e-05
32.900000	2.276820e-05
33.000000	2.277590e-05
33.100000	2.278354e-05
33.200000	2.279112e-05
33.300000	2.279863e-05
33.400000	2.280608e-05
33.500000	2.281346e-05
33.600000	2.282079e-05
33.700000	2.282806e-05
33.800000	2.283527e-05
33.900000	2.284242e-05
34.000000	2.284951e-05
34.100000	2.285654e-05
34.200000	2.286352e-05
34.300000	2.287044e-05
34.400000	2.287730e-05
34.500000	2.288411e-05
34.600000	2.289087e-05
34.700000	2.289757e-05
34.800000	2.290422e-05
34.900000	2.291082e-05
35.000000	2.291736e-05
35.100000	2.292386e-05
35.200000	2.293030e-05
35.300000	2.293669e-05
35.400000	2.294303e-05
35.500000	2.294933e-05
35.600000	2.295557e-05
35.700000	2.296177e-05
35.800000	2.296792e-05
35.900000	2.297402e-05
36.000000	2.298007e-05
36.100000	2.298608e-05
36.200000	2.299205e-05
36.300000	2.299797e-05
36.400000	2.300384e-05
36.500000	2.300967e-05
36.600000	2.301546e-05
36.700000	2.302120e-05
36.800000	2.302690e-05
36.900000	2.303256e-05
37.000000	2.303818e-05
37.100000	2.304375e-05
37.200000	2.304929e-05
37.300000	2.305478e-05
37.400000	2.306023e-05
37.500000	2.306565e-05
37.600000	2.307103e-05
37.700000	2.307636e-05
37.800000	2.308166e-05
37.900000	2.308692e-05
38.000000	2.309215e-05
38.100000	2.309734e-05
38.200000	2.310249e-05
38.300000	2.310760e-05
38.400000	2.311268e-05
38.500000	2.311772e-05
38.600000	2.312273e-05
38.700000	2.312771e-05
38.800000	2.313265e-05
38.900000	2.313755e-05
39.000000	2.314243e-05
39.100000	2.314727e-05
39.200000	2.315208e-05
39.300000	2.315685e-05
39.400000	2.316160e-05
39.500000	2.316631e-05
39.600000	2.317099e-05
39.700000	2.317564e-05
39.800000	2.318026e-05
39.900000	2.318485e-05
40.000000	2.318941e-05
40.100000	2.319394e-05
40.200000	2.319844e-05
40.300000	2.320292e-05
40.400000	2.320736e-05
40.500000	2.321178e-05
40.600000	2.321617e-05
40.700000	2.322053e-05
40.800000	2.322487e-05
40.900000	2.322918e-05
41.000000	2.323346e-05
41.100000	2.323772e-05
41.200000	2.324195e-05
41.300000	2.324616e-05
41.400000	2.325034e-05
41.500000	2.325450e-05
41.600000	2.325863e-05
41.700000	2.326274e-05
41.800000	2.326682e-05
41.900000	2.327088e-05
42.000000	2.327492e-05
42.100000	2.327894e-05
42.200000	2.328293e-05
42.300000	2.328690e-05
42.400000	2.329085e-05
42.500000	2.329478e-05
42.600000	2.329868e-05
42.700000	2.330257e-05
42.800000	2.330643e-05
42.900000	2.331028e-05
43.000000	2.331410e-05
43.100000	2.331790e-05
43.200000	2.332169e-05
43.300000	2.332546e-05
43.400000	2.332920e-05
43.500000	2.333293e-05
43.600000	2.333664e-05
43.700000	2.334033e-05
43.800000	2.334401e-05
43.900000	2.334766e-05
44.000000	2.335130e-05
44.100000	2.335492e-05
44.200000	2.335853e-05
44.300000	2.336212e-05
44.400000	2.336569e-05
44.500000	2.336925e-05
44.600000	2.337279e-05
44.700000	2.337632e-05
44.800000	2.337983e-05
44.900000	2.338332e-05
45.000000	2.338681e-05
45.100000	2.339027e-05
45.200000	2.339373e-05
45.300000	2.339717e-05
45.400000	2.340059e-05
45.500000	2.340401e-05
45.600000	2.340741e-05
45.700000	2.341080e-05
45.800000	2.341417e-05
45.900000	2.341753e-05
46.000000	2.342089e-05
46.100000	2.342423e-05
46.200000	2.342755e-05
46.300000	2.343087e-05
46.400000	2.343418e-05
46.500000	2.343747e-05
46.600000	2.344076e-05
46.700000	2.344403e-05
46.800000	2.344730e-05
46.900000	2.345055e-05
47.000000	2.345380e-05
47.100000	2.345704e-05
47.200000	2.346027e-05
47.300000	2.346349e-05
47.400000	2.346670e-05
47.500000	2.346990e-05
47.600000	2.347310e-05
47.700000	2.347628e-05
47.800000	2.347946e-05
47.900000	2.348264e-05
48.000000	2.348580e-05
48.100000	2.348896e-05
48.200000	2.349212e-05
48.300000	2.349526e-05
48.400000	2.349840e-05
48.500000	2.350154e-05
48.600000	2.350467e-05
48.700000	2.350779e-05
48.800000	2.351091e-05
48.900000	2.351403e-05
49.000000	2.351714e-05
49.100000	2.352025e-05
49.200000	2.352335e-05
49.300000	2.352645e-05
49.400000	2.352954e-05
49.500000	2.353263e-05
49.600000	2.353572e-05
49.700000	2.353880e-05
49.800000	2.354189e-05
49.900000	2.354497e-05
50.000000	2.354805e-05
50.100000	2.355112e-05
