# w*t (2*pi)	rel err in unct (5)	rel err in unct (3)
# hb=m=1	V=0	dx=dt=0.005
0.000000e+00 -2.774279e-10 -2.774279e-10
1.000000e-01 1.435255e-09 3.502996e-09
2.000000e-01 6.530104e-09 1.481138e-08
3.000000e-01 1.499690e-08 3.362579e-08
4.000000e-01 2.681950e-08 5.991093e-08
5.000000e-01 4.197700e-08 9.361800e-08
6.000000e-01 6.043987e-08 1.346849e-07
7.000000e-01 8.217449e-08 1.830355e-07
8.000000e-01 1.071417e-07 2.385807e-07
9.000000e-01 1.352949e-07 3.012192e-07
1.000000e+00 1.665841e-07 3.708378e-07
1.100000e+00 2.009530e-07 4.473109e-07
1.200000e+00 2.383392e-07 5.305028e-07
1.300000e+00 2.786777e-07 6.202673e-07
1.400000e+00 3.218994e-07 7.164473e-07
1.500000e+00 3.679286e-07 8.188778e-07
1.600000e+00 4.166876e-07 9.273851e-07
1.700000e+00 4.680938e-07 1.041786e-06
1.800000e+00 5.220629e-07 1.161892e-06
1.900000e+00 5.785074e-07 1.287509e-06
2.000000e+00 6.373367e-07 1.418435e-06
2.100000e+00 6.984598e-07 1.554466e-06
2.200000e+00 7.617812e-07 1.695391e-06
2.300000e+00 8.272052e-07 1.840996e-06
2.400000e+00 8.946343e-07 1.991067e-06
2.500000e+00 9.639720e-07 2.145385e-06
2.600000e+00 1.035119e-06 2.303733e-06
2.700000e+00 1.107977e-06 2.465888e-06
2.800000e+00 1.182447e-06 2.631632e-06
2.900000e+00 1.258430e-06 2.800747e-06
3.000000e+00 1.335829e-06 2.973013e-06
3.100000e+00 1.414546e-06 3.148214e-06
3.200000e+00 1.494486e-06 3.326138e-06
3.300000e+00 1.575554e-06 3.506571e-06
3.400000e+00 1.657656e-06 3.689308e-06
3.500000e+00 1.740700e-06 3.874142e-06
3.600000e+00 1.824595e-06 4.060873e-06
3.700000e+00 1.909255e-06 4.249306e-06
3.800000e+00 1.994593e-06 4.439249e-06
3.900000e+00 2.080524e-06 4.630514e-06
4.000000e+00 2.166968e-06 4.822920e-06
4.100000e+00 2.253846e-06 5.016291e-06
4.200000e+00 2.341080e-06 5.210456e-06
4.300000e+00 2.428596e-06 5.405250e-06
4.400000e+00 2.516323e-06 5.600513e-06
4.500000e+00 2.604192e-06 5.796092e-06
4.600000e+00 2.692136e-06 5.991840e-06
4.700000e+00 2.780092e-06 6.187613e-06
4.800000e+00 2.867998e-06 6.383277e-06
4.900000e+00 2.955797e-06 6.578701e-06
5.000000e+00 3.043431e-06 6.773762e-06
5.100000e+00 3.130850e-06 6.968342e-06
5.200000e+00 3.218001e-06 7.162329e-06
5.300000e+00 3.304838e-06 7.355615e-06
5.400000e+00 3.391316e-06 7.548101e-06
5.500000e+00 3.477390e-06 7.739691e-06
5.600000e+00 3.563022e-06 7.930294e-06
5.700000e+00 3.648172e-06 8.119828e-06
5.800000e+00 3.732806e-06 8.308212e-06
5.900000e+00 3.816889e-06 8.495372e-06
6.000000e+00 3.900392e-06 8.681238e-06
6.100000e+00 3.983284e-06 8.865747e-06
6.200000e+00 4.065539e-06 9.048838e-06
6.300000e+00 4.147133e-06 9.230456e-06
6.400000e+00 4.228041e-06 9.410549e-06
6.500000e+00 4.308243e-06 9.589071e-06
6.600000e+00 4.387720e-06 9.765978e-06
6.700000e+00 4.466453e-06 9.941231e-06
6.800000e+00 4.544428e-06 1.011480e-05
6.900000e+00 4.621629e-06 1.028664e-05
7.000000e+00 4.698044e-06 1.045673e-05
7.100000e+00 4.773662e-06 1.062505e-05
7.200000e+00 4.848471e-06 1.079157e-05
7.300000e+00 4.922464e-06 1.095627e-05
7.400000e+00 4.995633e-06 1.111914e-05
7.500000e+00 5.067972e-06 1.128016e-05
7.600000e+00 5.139476e-06 1.143933e-05
7.700000e+00 5.210140e-06 1.159662e-05
7.800000e+00 5.279962e-06 1.175204e-05
7.900000e+00 5.348938e-06 1.190558e-05
8.000000e+00 5.417069e-06 1.205723e-05
8.100000e+00 5.484354e-06 1.220700e-05
8.200000e+00 5.550792e-06 1.235489e-05
8.300000e+00 5.616386e-06 1.250090e-05
8.400000e+00 5.681137e-06 1.264503e-05
8.500000e+00 5.745047e-06 1.278729e-05
8.600000e+00 5.808120e-06 1.292769e-05
8.700000e+00 5.870359e-06 1.306623e-05
8.800000e+00 5.931768e-06 1.320292e-05
8.900000e+00 5.992353e-06 1.333778e-05
9.000000e+00 6.052117e-06 1.347082e-05
9.100000e+00 6.111068e-06 1.360204e-05
9.200000e+00 6.169210e-06 1.373146e-05
9.300000e+00 6.226550e-06 1.385910e-05
9.400000e+00 6.283095e-06 1.398497e-05
9.500000e+00 6.338852e-06 1.410908e-05
9.600000e+00 6.393827e-06 1.423145e-05
9.700000e+00 6.448029e-06 1.435210e-05
9.800000e+00 6.501464e-06 1.447105e-05
9.900000e+00 6.554142e-06 1.458831e-05
1.000000e+01 6.606069e-06 1.470390e-05
1.010000e+01 6.657254e-06 1.481784e-05
1.020000e+01 6.707706e-06 1.493014e-05
1.030000e+01 6.757433e-06 1.504083e-05
1.040000e+01 6.806443e-06 1.514993e-05
1.050000e+01 6.854745e-06 1.525745e-05
1.060000e+01 6.902348e-06 1.536341e-05
1.070000e+01 6.949261e-06 1.546784e-05
1.080000e+01 6.995492e-06 1.557075e-05
1.090000e+01 7.041050e-06 1.567216e-05
1.100000e+01 7.085946e-06 1.577210e-05
1.110000e+01 7.130186e-06 1.587058e-05
1.120000e+01 7.173780e-06 1.596762e-05
1.130000e+01 7.216737e-06 1.606324e-05
1.140000e+01 7.259066e-06 1.615747e-05
1.150000e+01 7.300775e-06 1.625031e-05
1.160000e+01 7.341874e-06 1.634180e-05
1.170000e+01 7.382372e-06 1.643195e-05
1.180000e+01 7.422277e-06 1.652077e-05
1.190000e+01 7.461597e-06 1.660830e-05
1.200000e+01 7.500341e-06 1.669455e-05
1.210000e+01 7.538519e-06 1.677953e-05
1.220000e+01 7.576138e-06 1.686327e-05
1.230000e+01 7.613207e-06 1.694579e-05
1.240000e+01 7.649734e-06 1.702710e-05
1.250000e+01 7.685727e-06 1.710722e-05
1.260000e+01 7.721196e-06 1.718617e-05
1.270000e+01 7.756147e-06 1.726398e-05
1.280000e+01 7.790589e-06 1.734064e-05
1.290000e+01 7.824529e-06 1.741620e-05
1.300000e+01 7.857977e-06 1.749065e-05
1.310000e+01 7.890939e-06 1.756402e-05
1.320000e+01 7.923422e-06 1.763633e-05
1.330000e+01 7.955436e-06 1.770760e-05
1.340000e+01 7.986986e-06 1.777783e-05
1.350000e+01 8.018081e-06 1.784705e-05
1.360000e+01 8.048728e-06 1.791527e-05
1.370000e+01 8.078933e-06 1.798250e-05
1.380000e+01 8.108704e-06 1.804878e-05
1.390000e+01 8.138049e-06 1.811410e-05
1.400000e+01 8.166973e-06 1.817848e-05
1.410000e+01 8.195484e-06 1.824195e-05
1.420000e+01 8.223588e-06 1.830451e-05
1.430000e+01 8.251291e-06 1.836618e-05
1.440000e+01 8.278602e-06 1.842697e-05
1.450000e+01 8.305525e-06 1.848690e-05
1.460000e+01 8.332066e-06 1.854599e-05
1.470000e+01 8.358233e-06 1.860424e-05
1.480000e+01 8.384032e-06 1.866166e-05
1.490000e+01 8.409468e-06 1.871828e-05
1.500000e+01 8.434546e-06 1.877411e-05
1.510000e+01 8.459274e-06 1.882916e-05
1.520000e+01 8.483657e-06 1.888343e-05
1.530000e+01 8.507700e-06 1.893695e-05
1.540000e+01 8.531408e-06 1.898973e-05
1.550000e+01 8.554789e-06 1.904177e-05
1.560000e+01 8.577845e-06 1.909310e-05
1.570000e+01 8.600584e-06 1.914372e-05
1.580000e+01 8.623010e-06 1.919364e-05
1.590000e+01 8.645128e-06 1.924287e-05
1.600000e+01 8.666943e-06 1.929143e-05
1.610000e+01 8.688460e-06 1.933933e-05
1.620000e+01 8.709684e-06 1.938658e-05
1.630000e+01 8.730620e-06 1.943318e-05
1.640000e+01 8.751272e-06 1.947915e-05
1.650000e+01 8.771645e-06 1.952451e-05
1.660000e+01 8.791744e-06 1.956925e-05
1.670000e+01 8.811572e-06 1.961338e-05
1.680000e+01 8.831135e-06 1.965693e-05
1.690000e+01 8.850436e-06 1.969990e-05
1.700000e+01 8.869480e-06 1.974229e-05
1.710000e+01 8.888270e-06 1.978412e-05
1.720000e+01 8.906812e-06 1.982539e-05
1.730000e+01 8.925109e-06 1.986612e-05
1.740000e+01 8.943164e-06 1.990631e-05
1.750000e+01 8.960982e-06 1.994598e-05
1.760000e+01 8.978567e-06 1.998512e-05
1.770000e+01 8.995922e-06 2.002376e-05
1.780000e+01 9.013051e-06 2.006188e-05
1.790000e+01 9.029957e-06 2.009952e-05
1.800000e+01 9.046644e-06 2.013666e-05
1.810000e+01 9.063116e-06 2.017333e-05
1.820000e+01 9.079375e-06 2.020953e-05
1.830000e+01 9.095426e-06 2.024526e-05
1.840000e+01 9.111271e-06 2.028053e-05
1.850000e+01 9.126914e-06 2.031535e-05
1.860000e+01 9.142358e-06 2.034973e-05
1.870000e+01 9.157606e-06 2.038367e-05
1.880000e+01 9.172661e-06 2.041718e-05
1.890000e+01 9.187526e-06 2.045027e-05
1.900000e+01 9.202204e-06 2.048295e-05
1.910000e+01 9.216698e-06 2.051521e-05
1.920000e+01 9.231011e-06 2.054707e-05
1.930000e+01 9.245145e-06 2.057854e-05
1.940000e+01 9.259104e-06 2.060961e-05
1.950000e+01 9.272889e-06 2.064030e-05
1.960000e+01 9.286505e-06 2.067060e-05
1.970000e+01 9.299953e-06 2.070054e-05
1.980000e+01 9.313235e-06 2.073011e-05
1.990000e+01 9.326356e-06 2.075931e-05
2.000000e+01 9.339316e-06 2.078816e-05
2.010000e+01 9.352118e-06 2.081666e-05
2.020000e+01 9.364765e-06 2.084481e-05
2.030000e+01 9.377259e-06 2.087263e-05
2.040000e+01 9.389603e-06 2.090010e-05
2.050000e+01 9.401798e-06 2.092725e-05
2.060000e+01 9.413847e-06 2.095407e-05
2.070000e+01 9.425752e-06 2.098057e-05
2.080000e+01 9.437515e-06 2.100676e-05
2.090000e+01 9.449139e-06 2.103263e-05
2.100000e+01 9.460625e-06 2.105820e-05
2.110000e+01 9.471975e-06 2.108347e-05
2.120000e+01 9.483192e-06 2.110844e-05
2.130000e+01 9.494278e-06 2.113311e-05
2.140000e+01 9.505234e-06 2.115750e-05
2.150000e+01 9.516062e-06 2.118160e-05
2.160000e+01 9.526764e-06 2.120543e-05
2.170000e+01 9.537342e-06 2.122897e-05
2.180000e+01 9.547798e-06 2.125225e-05
2.190000e+01 9.558134e-06 2.127526e-05
2.200000e+01 9.568351e-06 2.129800e-05
2.210000e+01 9.578451e-06 2.132048e-05
2.220000e+01 9.588435e-06 2.134271e-05
2.230000e+01 9.598306e-06 2.136468e-05
2.240000e+01 9.608066e-06 2.138641e-05
2.250000e+01 9.617715e-06 2.140788e-05
2.260000e+01 9.627255e-06 2.142912e-05
2.270000e+01 9.636687e-06 2.145012e-05
2.280000e+01 9.646015e-06 2.147088e-05
2.290000e+01 9.655237e-06 2.149141e-05
2.300000e+01 9.664358e-06 2.151171e-05
2.310000e+01 9.673377e-06 2.153179e-05
2.320000e+01 9.682296e-06 2.155164e-05
2.330000e+01 9.691116e-06 2.157128e-05
2.340000e+01 9.699840e-06 2.159070e-05
2.350000e+01 9.708468e-06 2.160990e-05
2.360000e+01 9.717002e-06 2.162890e-05
2.370000e+01 9.725442e-06 2.164769e-05
2.380000e+01 9.733791e-06 2.166627e-05
2.390000e+01 9.742049e-06 2.168465e-05
2.400000e+01 9.750218e-06 2.170284e-05
2.410000e+01 9.758299e-06 2.172082e-05
2.420000e+01 9.766293e-06 2.173862e-05
2.430000e+01 9.774202e-06 2.175622e-05
2.440000e+01 9.782026e-06 2.177364e-05
2.450000e+01 9.789767e-06 2.179087e-05
2.460000e+01 9.797426e-06 2.180792e-05
2.470000e+01 9.805004e-06 2.182479e-05
2.480000e+01 9.812501e-06 2.184148e-05
2.490000e+01 9.819920e-06 2.185799e-05
2.500000e+01 9.827261e-06 2.187433e-05
2.510000e+01 9.834525e-06 2.189050e-05
2.520000e+01 9.841714e-06 2.190650e-05
2.530000e+01 9.848828e-06 2.192234e-05
2.540000e+01 9.855868e-06 2.193801e-05
2.550000e+01 9.862835e-06 2.195352e-05
2.560000e+01 9.869731e-06 2.196887e-05
2.570000e+01 9.876556e-06 2.198406e-05
2.580000e+01 9.883310e-06 2.199909e-05
2.590000e+01 9.889996e-06 2.201398e-05
2.600000e+01 9.896614e-06 2.202871e-05
2.610000e+01 9.903165e-06 2.204329e-05
2.620000e+01 9.909649e-06 2.205772e-05
2.630000e+01 9.916068e-06 2.207201e-05
2.640000e+01 9.922422e-06 2.208615e-05
2.650000e+01 9.928712e-06 2.210016e-05
2.660000e+01 9.934940e-06 2.211402e-05
2.670000e+01 9.941105e-06 2.212774e-05
2.680000e+01 9.947209e-06 2.214133e-05
2.690000e+01 9.953253e-06 2.215478e-05
2.700000e+01 9.959236e-06 2.216810e-05
2.710000e+01 9.965161e-06 2.218129e-05
2.720000e+01 9.971027e-06 2.219434e-05
2.730000e+01 9.976836e-06 2.220727e-05
2.740000e+01 9.982588e-06 2.222008e-05
2.750000e+01 9.988284e-06 2.223276e-05
2.760000e+01 9.993925e-06 2.224531e-05
2.770000e+01 9.999511e-06 2.225774e-05
2.780000e+01 1.000504e-05 2.227006e-05
2.790000e+01 1.001052e-05 2.228225e-05
2.800000e+01 1.001595e-05 2.229433e-05
2.810000e+01 1.002132e-05 2.230629e-05
2.820000e+01 1.002664e-05 2.231814e-05
2.830000e+01 1.003192e-05 2.232987e-05
2.840000e+01 1.003714e-05 2.234150e-05
2.850000e+01 1.004231e-05 2.235301e-05
2.860000e+01 1.004743e-05 2.236441e-05
2.870000e+01 1.005251e-05 2.237571e-05
2.880000e+01 1.005754e-05 2.238690e-05
2.890000e+01 1.006252e-05 2.239798e-05
2.900000e+01 1.006745e-05 2.240897e-05
2.910000e+01 1.007234e-05 2.241984e-05
2.920000e+01 1.007718e-05 2.243062e-05
2.930000e+01 1.008198e-05 2.244130e-05
2.940000e+01 1.008674e-05 2.245188e-05
2.950000e+01 1.009145e-05 2.246236e-05
2.960000e+01 1.009611e-05 2.247275e-05
2.970000e+01 1.010074e-05 2.248304e-05
2.980000e+01 1.010532e-05 2.249324e-05
2.990000e+01 1.010986e-05 2.250334e-05
3.000000e+01 1.011436e-05 2.251335e-05
3.010000e+01 1.011881e-05 2.252327e-05
3.020000e+01 1.012323e-05 2.253310e-05
3.030000e+01 1.012761e-05 2.254285e-05
3.040000e+01 1.013195e-05 2.255250e-05
3.050000e+01 1.013625e-05 2.256207e-05
3.060000e+01 1.014051e-05 2.257155e-05
3.070000e+01 1.014474e-05 2.258095e-05
3.080000e+01 1.014892e-05 2.259027e-05
3.090000e+01 1.015307e-05 2.259950e-05
3.100000e+01 1.015718e-05 2.260865e-05
3.110000e+01 1.016126e-05 2.261772e-05
3.120000e+01 1.016530e-05 2.262671e-05
3.130000e+01 1.016931e-05 2.263562e-05
3.140000e+01 1.017328e-05 2.264446e-05
3.150000e+01 1.017721e-05 2.265322e-05
3.160000e+01 1.018112e-05 2.266190e-05
3.170000e+01 1.018498e-05 2.267050e-05
3.180000e+01 1.018882e-05 2.267903e-05
3.190000e+01 1.019262e-05 2.268749e-05
3.200000e+01 1.019639e-05 2.269588e-05
3.210000e+01 1.020013e-05 2.270419e-05
3.220000e+01 1.020383e-05 2.271243e-05
3.230000e+01 1.020751e-05 2.272060e-05
3.240000e+01 1.021115e-05 2.272871e-05
3.250000e+01 1.021476e-05 2.273674e-05
3.260000e+01 1.021835e-05 2.274470e-05
3.270000e+01 1.022190e-05 2.275260e-05
3.280000e+01 1.022542e-05 2.276044e-05
3.290000e+01 1.022891e-05 2.276820e-05
3.300000e+01 1.023238e-05 2.277590e-05
3.310000e+01 1.023581e-05 2.278354e-05
3.320000e+01 1.023922e-05 2.279112e-05
3.330000e+01 1.024260e-05 2.279863e-05
3.340000e+01 1.024595e-05 2.280608e-05
3.350000e+01 1.024928e-05 2.281346e-05
3.360000e+01 1.025257e-05 2.282079e-05
3.370000e+01 1.025584e-05 2.282806e-05
3.380000e+01 1.025909e-05 2.283527e-05
3.390000e+01 1.026231e-05 2.284242e-05
3.400000e+01 1.026550e-05 2.284951e-05
3.410000e+01 1.026866e-05 2.285654e-05
3.420000e+01 1.027181e-05 2.286352e-05
3.430000e+01 1.027492e-05 2.287044e-05
3.440000e+01 1.027801e-05 2.287730e-05
3.450000e+01 1.028108e-05 2.288411e-05
3.460000e+01 1.028412e-05 2.289087e-05
3.470000e+01 1.028714e-05 2.289757e-05
3.480000e+01 1.029014e-05 2.290422e-05
3.490000e+01 1.029311e-05 2.291082e-05
3.500000e+01 1.029606e-05 2.291736e-05
3.510000e+01 1.029899e-05 2.292386e-05
3.520000e+01 1.030189e-05 2.293030e-05
3.530000e+01 1.030477e-05 2.293669e-05
3.540000e+01 1.030763e-05 2.294303e-05
3.550000e+01 1.031047e-05 2.294933e-05
3.560000e+01 1.031329e-05 2.295557e-05
3.570000e+01 1.031608e-05 2.296177e-05
3.580000e+01 1.031886e-05 2.296792e-05
3.590000e+01 1.032161e-05 2.297402e-05
3.600000e+01 1.032435e-05 2.298007e-05
3.610000e+01 1.032706e-05 2.298608e-05
3.620000e+01 1.032975e-05 2.299205e-05
3.630000e+01 1.033243e-05 2.299797e-05
3.640000e+01 1.033508e-05 2.300384e-05
3.650000e+01 1.033772e-05 2.300967e-05
3.660000e+01 1.034033e-05 2.301546e-05
3.670000e+01 1.034293e-05 2.302120e-05
3.680000e+01 1.034551e-05 2.302690e-05
3.690000e+01 1.034807e-05 2.303256e-05
3.700000e+01 1.035061e-05 2.303818e-05
3.710000e+01 1.035314e-05 2.304375e-05
3.720000e+01 1.035564e-05 2.304929e-05
3.730000e+01 1.035813e-05 2.305478e-05
3.740000e+01 1.036060e-05 2.306023e-05
3.750000e+01 1.036306e-05 2.306565e-05
3.760000e+01 1.036550e-05 2.307103e-05
3.770000e+01 1.036792e-05 2.307636e-05
3.780000e+01 1.037032e-05 2.308166e-05
3.790000e+01 1.037271e-05 2.308692e-05
3.800000e+01 1.037509e-05 2.309215e-05
3.810000e+01 1.037744e-05 2.309734e-05
3.820000e+01 1.037979e-05 2.310249e-05
3.830000e+01 1.038211e-05 2.310760e-05
3.840000e+01 1.038442e-05 2.311268e-05
3.850000e+01 1.038672e-05 2.311772e-05
3.860000e+01 1.038900e-05 2.312273e-05
3.870000e+01 1.039127e-05 2.312771e-05
3.880000e+01 1.039352e-05 2.313265e-05
3.890000e+01 1.039576e-05 2.313755e-05
3.900000e+01 1.039799e-05 2.314243e-05
3.910000e+01 1.040020e-05 2.314727e-05
3.920000e+01 1.040240e-05 2.315208e-05
3.930000e+01 1.040458e-05 2.315685e-05
3.940000e+01 1.040675e-05 2.316160e-05
3.950000e+01 1.040891e-05 2.316631e-05
3.960000e+01 1.041105e-05 2.317099e-05
3.970000e+01 1.041319e-05 2.317564e-05
3.980000e+01 1.041531e-05 2.318026e-05
3.990000e+01 1.041742e-05 2.318485e-05
4.000000e+01 1.041951e-05 2.318941e-05
4.010000e+01 1.042160e-05 2.319394e-05
4.020000e+01 1.042367e-05 2.319844e-05
4.030000e+01 1.042573e-05 2.320292e-05
4.040000e+01 1.042778e-05 2.320736e-05
4.050000e+01 1.042982e-05 2.321178e-05
4.060000e+01 1.043185e-05 2.321617e-05
4.070000e+01 1.043387e-05 2.322053e-05
4.080000e+01 1.043587e-05 2.322487e-05
4.090000e+01 1.043787e-05 2.322918e-05
4.100000e+01 1.043985e-05 2.323346e-05
4.110000e+01 1.044183e-05 2.323772e-05
4.120000e+01 1.044380e-05 2.324195e-05
4.130000e+01 1.044575e-05 2.324616e-05
4.140000e+01 1.044770e-05 2.325034e-05
4.150000e+01 1.044964e-05 2.325450e-05
4.160000e+01 1.045157e-05 2.325863e-05
4.170000e+01 1.045349e-05 2.326274e-05
4.180000e+01 1.045540e-05 2.326682e-05
4.190000e+01 1.045730e-05 2.327088e-05
4.200000e+01 1.045920e-05 2.327492e-05
4.210000e+01 1.046108e-05 2.327894e-05
4.220000e+01 1.046296e-05 2.328293e-05
4.230000e+01 1.046483e-05 2.328690e-05
4.240000e+01 1.046670e-05 2.329085e-05
4.250000e+01 1.046855e-05 2.329478e-05
4.260000e+01 1.047040e-05 2.329868e-05
4.270000e+01 1.047224e-05 2.330257e-05
4.280000e+01 1.047407e-05 2.330643e-05
4.290000e+01 1.047590e-05 2.331028e-05
4.300000e+01 1.047772e-05 2.331410e-05
4.310000e+01 1.047953e-05 2.331790e-05
4.320000e+01 1.048134e-05 2.332169e-05
4.330000e+01 1.048314e-05 2.332546e-05
4.340000e+01 1.048494e-05 2.332920e-05
4.350000e+01 1.048673e-05 2.333293e-05
4.360000e+01 1.048851e-05 2.333664e-05
4.370000e+01 1.049029e-05 2.334033e-05
4.380000e+01 1.049207e-05 2.334401e-05
4.390000e+01 1.049383e-05 2.334766e-05
4.400000e+01 1.049560e-05 2.335130e-05
4.410000e+01 1.049736e-05 2.335492e-05
4.420000e+01 1.049911e-05 2.335853e-05
4.430000e+01 1.050086e-05 2.336212e-05
4.440000e+01 1.050260e-05 2.336569e-05
4.450000e+01 1.050435e-05 2.336925e-05
4.460000e+01 1.050608e-05 2.337279e-05
4.470000e+01 1.050782e-05 2.337632e-05
4.480000e+01 1.050955e-05 2.337983e-05
4.490000e+01 1.051127e-05 2.338332e-05
4.500000e+01 1.051300e-05 2.338681e-05
4.510000e+01 1.051472e-05 2.339027e-05
4.520000e+01 1.051644e-05 2.339373e-05
4.530000e+01 1.051815e-05 2.339717e-05
4.540000e+01 1.051986e-05 2.340059e-05
4.550000e+01 1.052157e-05 2.340401e-05
4.560000e+01 1.052328e-05 2.340741e-05
4.570000e+01 1.052499e-05 2.341080e-05
4.580000e+01 1.052669e-05 2.341417e-05
4.590000e+01 1.052840e-05 2.341753e-05
4.600000e+01 1.053010e-05 2.342089e-05
4.610000e+01 1.053180e-05 2.342423e-05
4.620000e+01 1.053350e-05 2.342755e-05
4.630000e+01 1.053519e-05 2.343087e-05
4.640000e+01 1.053689e-05 2.343418e-05
4.650000e+01 1.053859e-05 2.343747e-05
4.660000e+01 1.054028e-05 2.344076e-05
4.670000e+01 1.054198e-05 2.344403e-05
4.680000e+01 1.054367e-05 2.344730e-05
4.690000e+01 1.054537e-05 2.345055e-05
4.700000e+01 1.054706e-05 2.345380e-05
4.710000e+01 1.054876e-05 2.345704e-05
4.720000e+01 1.055046e-05 2.346027e-05
4.730000e+01 1.055215e-05 2.346349e-05
4.740000e+01 1.055385e-05 2.346670e-05
4.750000e+01 1.055555e-05 2.346990e-05
4.760000e+01 1.055725e-05 2.347310e-05
4.770000e+01 1.055895e-05 2.347628e-05
4.780000e+01 1.056066e-05 2.347946e-05
4.790000e+01 1.056236e-05 2.348264e-05
4.800000e+01 1.056407e-05 2.348580e-05
4.810000e+01 1.056578e-05 2.348896e-05
4.820000e+01 1.056749e-05 2.349212e-05
4.830000e+01 1.056920e-05 2.349526e-05
4.840000e+01 1.057092e-05 2.349840e-05
4.850000e+01 1.057264e-05 2.350154e-05
4.860000e+01 1.057436e-05 2.350467e-05
4.870000e+01 1.057609e-05 2.350779e-05
4.880000e+01 1.057781e-05 2.351091e-05
4.890000e+01 1.057955e-05 2.351403e-05
4.900000e+01 1.058128e-05 2.351714e-05
4.910000e+01 1.058302e-05 2.352025e-05
4.920000e+01 1.058477e-05 2.352335e-05
4.930000e+01 1.058651e-05 2.352645e-05
4.940000e+01 1.058827e-05 2.352954e-05
4.950000e+01 1.059002e-05 2.353263e-05
4.960000e+01 1.059178e-05 2.353572e-05
4.970000e+01 1.059355e-05 2.353880e-05
4.980000e+01 1.059532e-05 2.354189e-05
4.990000e+01 1.059710e-05 2.354497e-05
5.000000e+01 1.059888e-05 2.354805e-05
5.010000e+01 1.060067e-05 2.355112e-05
